#Angle [deg]        Force [N]   
       0.0 	 -4578072.767074
       0.1 	 -4584151.127057
       0.2 	 -4590170.021807
       0.3 	 -4596127.689361
       0.4 	 -4602022.367756
       0.5 	 -4607852.295026
       0.6 	 -4613615.709207
       0.7 	 -4619310.848336
       0.8 	 -4624935.950447
       0.9 	 -4630489.253578
       1.0 	 -4635968.995763
       1.1 	 -4641373.415038
       1.2 	 -4646700.749440
       1.3 	 -4651949.237004
       1.4 	 -4657117.115765
       1.5 	 -4662202.623760
       1.6 	 -4667203.999024
       1.7 	 -4672119.479593
       1.8 	 -4676947.303504
       1.9 	 -4681685.708791
       2.0 	 -4686332.933490
       2.1 	 -4690887.276977
       2.2 	 -4695347.283980
       2.3 	 -4699711.560568
       2.4 	 -4703978.712809
       2.5 	 -4708147.346773
       2.6 	 -4712216.068526
       2.7 	 -4716183.484138
       2.8 	 -4720048.199677
       2.9 	 -4723808.821210
       3.0 	 -4727463.954808
       3.1 	 -4731012.273939
       3.2 	 -4734452.721681
       3.3 	 -4737784.308512
       3.4 	 -4741006.044910
       3.5 	 -4744116.941356
       3.6 	 -4747116.008327
       3.7 	 -4750002.256302
       3.8 	 -4752774.695759
       3.9 	 -4755432.337178
       4.0 	 -4757974.191037
       4.1 	 -4760399.342414
       4.2 	 -4762707.174792
       4.3 	 -4764897.146248
       4.4 	 -4766968.714866
       4.5 	 -4768921.338724
       4.6 	 -4770754.475904
       4.7 	 -4772467.584485
       4.8 	 -4774060.122550
       4.9 	 -4775531.548177
       5.0 	 -4776881.319449
       5.1 	 -4778108.966262
       5.2 	 -4779214.305789
       5.3 	 -4780197.227019
       5.4 	 -4781057.618939
       5.5 	 -4781795.370540
       5.6 	 -4782410.370811
       5.7 	 -4782902.508740
       5.8 	 -4783271.673316
       5.9 	 -4783517.753529
       6.0 	 -4783640.638367
       6.1 	 -4783640.293382
       6.2 	 -4783516.990372
       6.3 	 -4783271.077696
       6.4 	 -4782902.903716
       6.5 	 -4782412.816792
       6.6 	 -4781801.165284
       6.7 	 -4781068.297552
       6.8 	 -4780214.561956
       6.9 	 -4779240.306858
       7.0 	 -4778145.880616
       7.1 	 -4776931.649213
       7.2 	 -4775598.049113
       7.3 	 -4774145.534400
       7.4 	 -4772574.559160
       7.5 	 -4770885.577478
       7.6 	 -4769079.043440
       7.7 	 -4767155.411129
       7.8 	 -4765115.134632
       7.9 	 -4762958.668034
       8.0 	 -4760686.465419
       8.1 	 -4758299.153948
       8.2 	 -4755798.053080
       8.3 	 -4753184.655347
       8.4 	 -4750460.453285
       8.5 	 -4747626.939427
       8.6 	 -4744685.606307
       8.7 	 -4741637.946457
       8.8 	 -4738485.452413
       8.9 	 -4735229.616708
       9.0 	 -4731871.931875
       9.1 	 -4728411.086545
       9.2 	 -4724834.553734
       9.3 	 -4721127.002553
       9.4 	 -4717273.102116
       9.5 	 -4713257.521533
       9.6 	 -4709064.929919
       9.7 	 -4704679.996384
       9.8 	 -4700087.390041
       9.9 	 -4695271.780002
      10.0 	 -4690217.835380
      10.1 	 -4684910.444928
      10.2 	 -4679335.375960
      10.3 	 -4673478.615434
      10.4 	 -4667326.150306
      10.5 	 -4660863.967532
      10.6 	 -4654078.054067
      10.7 	 -4646954.396870
      10.8 	 -4639478.982895
      10.9 	 -4631637.799100
      11.0 	 -4623416.832440
      11.1 	 -4614806.511713
      11.2 	 -4605815.033078
      11.3 	 -4596455.034537
      11.4 	 -4586739.154090
      11.5 	 -4576680.029738
      11.6 	 -4566290.299481
      11.7 	 -4555582.601320
      11.8 	 -4544569.573257
      11.9 	 -4533263.853292
      12.0 	 -4521678.079425
      12.1 	 -4509823.700132
      12.2 	 -4497707.405791
      12.3 	 -4485334.697253
      12.4 	 -4472711.075369
      12.5 	 -4459842.040993
      12.6 	 -4446733.094975
      12.7 	 -4433389.738167
      12.8 	 -4419817.471421
      12.9 	 -4406021.795590
      13.0 	 -4392008.211524
      13.1 	 -4377782.328092
      13.2 	 -4363350.186225
      13.3 	 -4348717.934868
      13.4 	 -4333891.722970
      13.5 	 -4318877.699477
      13.6 	 -4303682.013335
      13.7 	 -4288310.813491
      13.8 	 -4272770.248892
      13.9 	 -4257066.468485
      14.0 	 -4241205.621216
      14.1 	 -4225193.663962
      14.2 	 -4209035.785315
      14.3 	 -4192736.981797
      14.4 	 -4176302.249930
      14.5 	 -4159736.586236
      14.6 	 -4143044.987237
      14.7 	 -4126232.449454
      14.8 	 -4109303.969409
      14.9 	 -4092264.543625
      15.0 	 -4075119.168624
      15.1 	 -4057872.676890
      15.2 	 -4040529.244767
      15.3 	 -4023092.884559
      15.4 	 -4005567.608574
      15.5 	 -3987957.429116
      15.6 	 -3970266.358491
      15.7 	 -3952498.409006
      15.8 	 -3934657.592967
      15.9 	 -3916747.922678
      16.0 	 -3898773.410447
      16.1 	 -3880737.971412
      16.2 	 -3862645.132050
      16.3 	 -3844498.321668
      16.4 	 -3826300.969577
      16.5 	 -3808056.505084
      16.6 	 -3789768.357500
      16.7 	 -3771439.956132
      16.8 	 -3753074.730291
      16.9 	 -3734676.109284
      17.0 	 -3716247.522422
      17.1 	 -3697792.267393
      17.2 	 -3679313.115408
      17.3 	 -3660812.706059
      17.4 	 -3642293.678936
      17.5 	 -3623758.673630
      17.6 	 -3605210.329734
      17.7 	 -3586651.286838
      17.8 	 -3568084.184532
      17.9 	 -3549511.662409
      18.0 	 -3530936.360060
      18.1 	 -3512360.820860
      18.2 	 -3493787.203328
      18.3 	 -3475217.569764
      18.4 	 -3456653.982474
      18.5 	 -3438098.503757
      18.6 	 -3419553.195918
      18.7 	 -3401020.121258
      18.8 	 -3382501.342080
      18.9 	 -3363998.920687
      19.0 	 -3345514.919381
      19.1 	 -3327051.323729
      19.2 	 -3308609.812357
      19.3 	 -3290191.987157
      19.4 	 -3271799.450018
      19.5 	 -3253433.802832
      19.6 	 -3235096.647489
      19.7 	 -3216789.585880
      19.8 	 -3198514.219896
      19.9 	 -3180272.151428
      20.0 	 -3162064.982367
      20.1 	 -3143894.241386
      20.2 	 -3125761.164297
      20.3 	 -3107666.913693
      20.4 	 -3089612.652169
      20.5 	 -3071599.542318
      20.6 	 -3053628.746736
      20.7 	 -3035701.428015
      20.8 	 -3017818.748749
      20.9 	 -2999981.871534
      21.0 	 -2982191.958963
      21.1 	 -2964450.125706
      21.2 	 -2946757.294741
      21.3 	 -2929114.341120
      21.4 	 -2911522.139895
      21.5 	 -2893981.566120
      21.6 	 -2876493.494848
      21.7 	 -2859058.801131
      21.8 	 -2841678.360022
      21.9 	 -2824353.046575
      22.0 	 -2807083.735842
      22.1 	 -2789871.246026
      22.2 	 -2772716.167926
      22.3 	 -2755619.035492
      22.4 	 -2738580.382675
      22.5 	 -2721600.743422
      22.6 	 -2704680.651685
      22.7 	 -2687820.641413
      22.8 	 -2671021.246554
      22.9 	 -2654283.001060
      23.0 	 -2637606.438879
      23.1 	 -2620992.075898
      23.2 	 -2604440.355755
      23.3 	 -2587951.704023
      23.4 	 -2571526.546277
      23.5 	 -2555165.308091
      23.6 	 -2538868.415040
      23.7 	 -2522636.292696
      23.8 	 -2506469.366635
      23.9 	 -2490368.062431
      24.0 	 -2474332.805659
      24.1 	 -2458363.971921
      24.2 	 -2442461.736943
      24.3 	 -2426626.226479
      24.4 	 -2410857.566283
      24.5 	 -2395155.882110
      24.6 	 -2379521.299714
      24.7 	 -2363953.944849
      24.8 	 -2348453.943270
      24.9 	 -2333021.420731
      25.0 	 -2317656.502986
      25.1 	 -2302359.317523
      25.2 	 -2287129.998765
      25.3 	 -2271968.682867
      25.4 	 -2256875.505985
      25.5 	 -2241850.604276
      25.6 	 -2226894.113895
      25.7 	 -2212006.170998
      25.8 	 -2197186.911741
      25.9 	 -2182436.472280
      26.0 	 -2167754.988771
      26.1 	 -2153142.567980
      26.2 	 -2138599.199117
      26.3 	 -2124124.842001
      26.4 	 -2109719.456453
      26.5 	 -2095383.002292
      26.6 	 -2081115.439338
      26.7 	 -2066916.727412
      26.8 	 -2052786.826332
      26.9 	 -2038725.695919
      27.0 	 -2024733.295993
      27.1 	 -2010809.568651
      27.2 	 -1996954.385104
      27.3 	 -1983167.598840
      27.4 	 -1969449.063346
      27.5 	 -1955798.632111
      27.6 	 -1942216.158623
      27.7 	 -1928701.496369
      27.8 	 -1915254.498837
      27.9 	 -1901875.019516
      28.0 	 -1888562.911893
      28.1 	 -1875318.041854
      28.2 	 -1862140.324870
      28.3 	 -1849029.688811
      28.4 	 -1835986.061544
      28.5 	 -1823009.370941
      28.6 	 -1810099.544868
      28.7 	 -1797256.511196
      28.8 	 -1784480.197793
      28.9 	 -1771770.532528
      29.0 	 -1759127.443270
      29.1 	 -1746550.827958
      29.2 	 -1734040.464812
      29.3 	 -1721596.102122
      29.4 	 -1709217.488176
      29.5 	 -1696904.371265
      29.6 	 -1684656.499678
      29.7 	 -1672473.621705
      29.8 	 -1660355.485635
      29.9 	 -1648301.839759
      30.0 	 -1636312.432365
      30.1 	 -1624387.021915
      30.2 	 -1612525.407557
      30.3 	 -1600727.398613
      30.4 	 -1588992.804402
      30.5 	 -1577321.434244
      30.6 	 -1565713.097460
      30.7 	 -1554167.603371
      30.8 	 -1542684.761297
      30.9 	 -1531264.380557
      31.0 	 -1519906.270473
      31.1 	 -1508610.231837
      31.2 	 -1497376.031334
      31.3 	 -1486203.427119
      31.4 	 -1475092.177350
      31.5 	 -1464042.040184
      31.6 	 -1453052.773775
      31.7 	 -1442124.136282
      31.8 	 -1431255.885861
      31.9 	 -1420447.780667
      32.0 	 -1409699.578859
      32.1 	 -1399011.041885
      32.2 	 -1388381.944365
      32.3 	 -1377812.064211
      32.4 	 -1367301.179336
      32.5 	 -1356849.067652
      32.6 	 -1346455.507072
      32.7 	 -1336120.275508
      32.8 	 -1325843.150872
      32.9 	 -1315623.911077
      33.0 	 -1305462.334036
      33.1 	 -1295358.193578
      33.2 	 -1285311.247205
      33.3 	 -1275321.248336
      33.4 	 -1265387.950388
      33.5 	 -1255511.106781
      33.6 	 -1245690.470934
      33.7 	 -1235925.796265
      33.8 	 -1226216.836193
      33.9 	 -1216563.344137
      34.0 	 -1206965.073516
      34.1 	 -1197421.769045
      34.2 	 -1187933.140634
      34.3 	 -1178498.889487
      34.4 	 -1169118.716809
      34.5 	 -1159792.323807
      34.6 	 -1150519.411685
      34.7 	 -1141299.681649
      34.8 	 -1132132.834904
      34.9 	 -1123018.572656
      35.0 	 -1113956.596110
      35.1 	 -1104946.675783
      35.2 	 -1095988.859437
      35.3 	 -1087083.264145
      35.4 	 -1078230.006981
      35.5 	 -1069429.205018
      35.6 	 -1060680.975329
      35.7 	 -1051985.434988
      35.8 	 -1043342.701068
      35.9 	 -1034752.890643
      36.0 	 -1026216.120785
      36.1 	 -1017732.473121
      36.2 	 -1009301.887482
      36.3 	 -1000924.268254
      36.4 	 -992599.519820
      36.5 	 -984327.546567
      36.6 	 -976108.252879
      36.7 	 -967941.543139
      36.8 	 -959827.321734
      36.9 	 -951765.493047
      37.0 	 -943755.961463
      37.1 	 -935798.587203
      37.2 	 -927893.053828
      37.3 	 -920039.000737
      37.4 	 -912236.067325
      37.5 	 -904483.892992
      37.6 	 -896782.117135
      37.7 	 -889130.379151
      37.8 	 -881528.318437
      37.9 	 -873975.574392
      38.0 	 -866471.786412
      38.1 	 -859016.587549
      38.2 	 -851609.585467
      38.3 	 -844250.381482
      38.4 	 -836938.576914
      38.5 	 -829673.773079
      38.6 	 -822455.571294
      38.7 	 -815283.572878
      38.8 	 -808157.379147
      38.9 	 -801076.591419
      39.0 	 -794040.811012
      39.1 	 -787049.786086
      39.2 	 -780103.852172
      39.3 	 -773203.491645
      39.4 	 -766349.186880
      39.5 	 -759541.420250
      39.6 	 -752780.674130
      39.7 	 -746067.430894
      39.8 	 -739402.172917
      39.9 	 -732785.382574
      40.0 	 -726217.542237
      40.1 	 -719699.016195
      40.2 	 -713229.696378
      40.3 	 -706809.356630
      40.4 	 -700437.770794
      40.5 	 -694114.712714
      40.6 	 -687839.956234
      40.7 	 -681613.275197
      40.8 	 -675434.443447
      40.9 	 -669303.234826
      41.0 	 -663219.423179
      41.1 	 -657182.744867
      41.2 	 -651192.786316
      41.3 	 -645249.096472
      41.4 	 -639351.224280
      41.5 	 -633498.718684
      41.6 	 -627691.128631
      41.7 	 -621928.003063
      41.8 	 -616208.890927
      41.9 	 -610533.341167
      42.0 	 -604900.902729
      42.1 	 -599311.148711
      42.2 	 -593763.748832
      42.3 	 -588258.396967
      42.4 	 -582794.786988
      42.5 	 -577372.612769
      42.6 	 -571991.568183
      42.7 	 -566651.347105
      42.8 	 -561351.643407
      42.9 	 -556092.150962
      43.0 	 -550872.563645
      43.1 	 -545692.569881
      43.2 	 -540551.836300
      43.3 	 -535450.024087
      43.4 	 -530386.794424
      43.5 	 -525361.808495
      43.6 	 -520374.727483
      43.7 	 -515425.212570
      43.8 	 -510512.924941
      43.9 	 -505637.525778
      44.0 	 -500798.676265
      44.1 	 -495996.047649
      44.2 	 -491229.351439
      44.3 	 -486498.309206
      44.4 	 -481802.642523
      44.5 	 -477142.072963
      44.6 	 -472516.322099
      44.7 	 -467925.111502
      44.8 	 -463368.162746
      44.9 	 -458845.197402
      45.0 	 -454355.937043
      45.1 	 -449900.106060
      45.2 	 -445477.440114
      45.3 	 -441087.677685
      45.4 	 -436730.557252
      45.5 	 -432405.817295
      45.6 	 -428113.196293
      45.7 	 -423852.432725
      45.8 	 -419623.265071
      45.9 	 -415425.431811
      46.0 	 -411258.671423
      46.1 	 -407122.725161
      46.2 	 -403017.345367
      46.3 	 -398942.287156
      46.4 	 -394897.305646
      46.5 	 -390882.155951
      46.6 	 -386896.593188
      46.7 	 -382940.372472
      46.8 	 -379013.248920
      46.9 	 -375114.977646
      47.0 	 -371245.313767
      47.1 	 -367404.017802
      47.2 	 -363590.871886
      47.3 	 -359805.663556
      47.4 	 -356048.180349
      47.5 	 -352318.209804
      47.6 	 -348615.539458
      47.7 	 -344939.956848
      47.8 	 -341291.249513
      47.9 	 -337669.204989
      48.0 	 -334073.610816
      48.1 	 -330504.256859
      48.2 	 -326960.942310
      48.3 	 -323443.468686
      48.4 	 -319951.637508
      48.5 	 -316485.250294
      48.6 	 -313044.108565
      48.7 	 -309628.013839
      48.8 	 -306236.767635
      48.9 	 -302870.171473
      49.0 	 -299528.026873
      49.1 	 -296210.137431
      49.2 	 -292916.315051
      49.3 	 -289646.373717
      49.4 	 -286400.127411
      49.5 	 -283177.390114
      49.6 	 -279977.975809
      49.7 	 -276801.698478
      49.8 	 -273648.372104
      49.9 	 -270517.810669
      50.0 	 -267409.828154
      50.1 	 -264324.242294
      50.2 	 -261260.885824
      50.3 	 -258219.595230
      50.4 	 -255200.207000
      50.5 	 -252202.557619
      50.6 	 -249226.483574
      50.7 	 -246271.821352
      50.8 	 -243338.407440
      50.9 	 -240426.078324
      51.0 	 -237534.670491
      51.1 	 -234664.022112
      51.2 	 -231813.978101
      51.3 	 -228984.385057
      51.4 	 -226175.089579
      51.5 	 -223385.938265
      51.6 	 -220616.777714
      51.7 	 -217867.454525
      51.8 	 -215137.815297
      51.9 	 -212427.706629
      52.0 	 -209736.975119
      52.1 	 -207065.469973
      52.2 	 -204413.050826
      52.3 	 -201779.579919
      52.4 	 -199164.919494
      52.5 	 -196568.931792
      52.6 	 -193991.479056
      52.7 	 -191432.423527
      52.8 	 -188891.627446
      52.9 	 -186368.953055
      53.0 	 -183864.262595
      53.1 	 -181377.420683
      53.2 	 -178908.301429
      53.3 	 -176456.781318
      53.4 	 -174022.736834
      53.5 	 -171606.044463
      53.6 	 -169206.580690
      53.7 	 -166824.221999
      53.8 	 -164458.844875
      53.9 	 -162110.325803
      54.0 	 -159778.541268
      54.1 	 -157463.366241
      54.2 	 -155164.669638
      54.3 	 -152882.318861
      54.4 	 -150616.181312
      54.5 	 -148366.124394
      54.6 	 -146132.015508
      54.7 	 -143913.722057
      54.8 	 -141711.111443
      54.9 	 -139524.051069
      55.0 	 -137352.408335
      55.1 	 -135196.057833
      55.2 	 -133054.902901
      55.3 	 -130928.854067
      55.4 	 -128817.821858
      55.5 	 -126721.716800
      55.6 	 -124640.449421
      55.7 	 -122573.930249
      55.8 	 -120522.069809
      55.9 	 -118484.778629
      56.0 	 -116461.967236
      56.1 	 -114453.541909
      56.2 	 -112459.391927
      56.3 	 -110479.402323
      56.4 	 -108513.458128
      56.5 	 -106561.444374
      56.6 	 -104623.246093
      56.7 	 -102698.748317
      56.8 	 -100787.836077
      56.9 	 -98890.394404
      57.0 	 -97006.308332
      57.1 	 -95135.468030
      57.2 	 -93277.784226
      57.3 	 -91433.172786
      57.4 	 -89601.549576
      57.5 	 -87782.830463
      57.6 	 -85976.931314
      57.7 	 -84183.767993
      57.8 	 -82403.256368
      57.9 	 -80635.312305
      58.0 	 -78879.851670
      58.1 	 -77136.790600
      58.2 	 -75406.046312
      58.3 	 -73687.536296
      58.4 	 -71981.178040
      58.5 	 -70286.889032
      58.6 	 -68604.586761
      58.7 	 -66934.188714
      58.8 	 -65275.612380
      58.9 	 -63628.775249
      59.0 	 -61993.594807
      59.1 	 -60369.987765
      59.2 	 -58757.867717
      59.3 	 -57157.147479
      59.4 	 -55567.739865
      59.5 	 -53989.557693
      59.6 	 -52422.513777
      59.7 	 -50866.520933
      59.8 	 -49321.491977
      59.9 	 -47787.339724
      60.0 	 -46263.976990
      60.1 	 -44751.320977
      60.2 	 -43249.306441
      60.3 	 -41757.872521
      60.4 	 -40276.958359
      60.5 	 -38806.503096
      60.6 	 -37346.445873
      60.7 	 -35896.725832
      60.8 	 -34457.282113
      60.9 	 -33028.053859
      61.0 	 -31608.980209
      61.1 	 -30199.998247
      61.2 	 -28801.036815
      61.3 	 -27412.022699
      61.4 	 -26032.882684
      61.5 	 -24663.543554
      61.6 	 -23303.932094
      61.7 	 -21953.975088
      61.8 	 -20613.599323
      61.9 	 -19282.731581
      62.0 	 -17961.298649
      62.1 	 -16649.229098
      62.2 	 -15346.458657
      62.3 	 -14052.924839
      62.4 	 -12768.565159
      62.5 	 -11493.317132
      62.6 	 -10227.118274
      62.7 	 -8969.906099
      62.8 	 -7721.618121
      62.9 	 -6482.191857
      63.0 	 -5251.564820
      63.1 	 -4029.676514
      63.2 	 -2816.474396
      63.3 	 -1611.907915
      63.4 	  -415.926515
      63.5 	   771.520356
      63.6 	  1950.483252
      63.7 	  3121.012727
      63.8 	  4283.159334
      63.9 	  5436.973626
      64.0 	  6582.506157
      64.1 	  7719.809370
      64.2 	  8848.943261
      64.3 	  9969.969718
      64.4 	 11082.950626
      64.5 	 12187.947871
      64.6 	 13285.023340
      64.7 	 14374.238919
      64.8 	 15455.656495
      64.9 	 16529.337953
      65.0 	 17595.345179
      65.1 	 18653.736781
      65.2 	 19704.558241
      65.3 	 20747.851762
      65.4 	 21783.659548
      65.5 	 22812.023803
      65.6 	 23832.986729
      65.7 	 24846.590530
      65.8 	 25852.877409
      65.9 	 26851.889569
      66.0 	 27843.669214
      66.1 	 28828.259641
      66.2 	 29805.708517
      66.3 	 30776.064605
      66.4 	 31739.376667
      66.5 	 32695.693466
      66.6 	 33645.063763
      66.7 	 34587.536321
      66.8 	 35523.159901
      66.9 	 36451.983266
      67.0 	 37374.055178
      67.1 	 38289.422760
      67.2 	 39198.126578
      67.3 	 40100.205562
      67.4 	 40995.698638
      67.5 	 41884.644735
      67.6 	 42767.082781
      67.7 	 43643.051703
      67.8 	 44512.590431
      67.9 	 45375.737892
      68.0 	 46232.533013
      68.1 	 47083.016260
      68.2 	 47927.234238
      68.3 	 48765.235093
      68.4 	 49597.066968
      68.5 	 50422.778006
      68.6 	 51242.416351
      68.7 	 52056.030146
      68.8 	 52863.667536
      68.9 	 53665.376663
      69.0 	 54461.205671
      69.1 	 55251.198522
      69.2 	 56035.382449
      69.3 	 56813.780502
      69.4 	 57586.415732
      69.5 	 58353.311191
      69.6 	 59114.489928
      69.7 	 59869.974994
      69.8 	 60619.789441
      69.9 	 61363.956318
      70.0 	 62102.498677
      70.1 	 62835.444524
      70.2 	 63562.841679
      70.3 	 64284.742922
      70.4 	 65001.201028
      70.5 	 65712.268776
      70.6 	 66417.998942
      70.7 	 67118.444304
      70.8 	 67813.657638
      70.9 	 68503.691721
      71.0 	 69188.599332
      71.1 	 69868.426433
      71.2 	 70543.191733
      71.3 	 71212.907126
      71.4 	 71877.584507
      71.5 	 72537.235770
      71.6 	 73191.872811
      71.7 	 73841.507524
      71.8 	 74486.151803
      71.9 	 75125.817543
      72.0 	 75760.516639
      72.1 	 76390.266161
      72.2 	 77015.103886
      72.3 	 77635.072763
      72.4 	 78250.215745
      72.5 	 78860.575784
      72.6 	 79466.195830
      72.7 	 80067.118835
      72.8 	 80663.387750
      72.9 	 81255.045527
      73.0 	 81842.135117
      73.1 	 82424.696171
      73.2 	 83002.755129
      73.3 	 83576.335131
      73.4 	 84145.459318
      73.5 	 84710.150828
      73.6 	 85270.432803
      73.7 	 85826.328381
      73.8 	 86377.860703
      73.9 	 86925.052908
      74.0 	 87467.928137
      74.1 	 88006.510351
      74.2 	 88540.826805
      74.3 	 89070.905575
      74.4 	 89596.774738
      74.5 	 90118.462369
      74.6 	 90635.996546
      74.7 	 91149.405344
      74.8 	 91658.716840
      74.9 	 92163.959111
      75.0 	 92665.160234
      75.1 	 93162.347971
      75.2 	 93655.548843
      75.3 	 94144.789054
      75.4 	 94630.094812
      75.5 	 95111.492321
      75.6 	 95589.007789
      75.7 	 96062.667422
      75.8 	 96532.497425
      75.9 	 96998.524006
      76.0 	 97460.773369
      76.1 	 97919.270183
      76.2 	 98374.032955
      76.3 	 98825.078657
      76.4 	 99272.424256
      76.5 	 99716.086723
      76.6 	 100156.083027
      76.7 	 100592.430139
      76.8 	 101025.145027
      76.9 	 101454.244661
      77.0 	 101879.746011
      77.1 	 102301.668266
      77.2 	 102720.039495
      77.3 	 103134.889988
      77.4 	 103546.250032
      77.5 	 103954.149917
      77.6 	 104358.619931
      77.7 	 104759.690364
      77.8 	 105157.391504
      77.9 	 105551.753639
      78.0 	 105942.807060
      78.1 	 106330.578739
      78.2 	 106715.082391
      78.3 	 107096.328415
      78.4 	 107474.327212
      78.5 	 107849.089181
      78.6 	 108220.624721
      78.7 	 108588.944231
      78.8 	 108954.058112
      78.9 	 109315.976763
      79.0 	 109674.710583
      79.1 	 110030.271643
      79.2 	 110382.678697
      79.3 	 110731.952171
      79.4 	 111078.112490
      79.5 	 111421.180080
      79.6 	 111761.175365
      79.7 	 112098.118771
      79.8 	 112432.030723
      79.9 	 112762.931648
      80.0 	 113090.841969
      80.1 	 113415.783864
      80.2 	 113737.786506
      80.3 	 114056.880824
      80.4 	 114373.097741
      80.5 	 114686.468186
      80.6 	 114997.023083
      80.7 	 115304.793360
      80.8 	 115609.809941
      80.9 	 115912.103753
      81.0 	 116211.705721
      81.1 	 116508.641805
      81.2 	 116802.918084
      81.3 	 117094.535672
      81.4 	 117383.495682
      81.5 	 117669.799227
      81.6 	 117953.447420
      81.7 	 118234.441374
      81.8 	 118512.782202
      81.9 	 118788.471017
      82.0 	 119061.508932
      82.1 	 119331.900698
      82.2 	 119599.665615
      82.3 	 119864.826620
      82.4 	 120127.406651
      82.5 	 120387.428646
      82.6 	 120644.915543
      82.7 	 120899.890280
      82.8 	 121152.375794
      82.9 	 121402.395023
      83.0 	 121649.970904
      83.1 	 121895.124201
      83.2 	 122137.866971
      83.3 	 122378.209097
      83.4 	 122616.160463
      83.5 	 122851.730950
      83.6 	 123084.930443
      83.7 	 123315.768824
      83.8 	 123544.255975
      83.9 	 123770.401781
      84.0 	 123994.216123
      84.1 	 124215.710346
      84.2 	 124434.901639
      84.3 	 124651.808655
      84.4 	 124866.450043
      84.5 	 125078.844454
      84.6 	 125289.010541
      84.7 	 125496.966953
      84.8 	 125702.732342
      84.9 	 125906.325359
      85.0 	 126107.764655
      85.1 	 126307.069138
      85.2 	 126504.258747
      85.3 	 126699.353676
      85.4 	 126892.374121
      85.5 	 127083.340277
      85.6 	 127272.272339
      85.7 	 127459.190504
      85.8 	 127644.114965
      85.9 	 127827.065920
      86.0 	 128008.063561
      86.1 	 128187.123436
      86.2 	 128364.242484
      86.3 	 128539.412998
      86.4 	 128712.627267
      86.5 	 128883.877584
      86.6 	 129053.156239
      86.7 	 129220.455522
      86.8 	 129385.767725
      86.9 	 129549.085140
      87.0 	 129710.400056
      87.1 	 129869.711946
      87.2 	 130027.049010
      87.3 	 130182.446629
      87.4 	 130335.940183
      87.5 	 130487.565053
      87.6 	 130637.356621
      87.7 	 130785.350266
      87.8 	 130931.581370
      87.9 	 131076.085314
      88.0 	 131218.897478
      88.1 	 131360.045900
      88.2 	 131499.529239
      88.3 	 131637.338813
      88.4 	 131773.465937
      88.5 	 131907.901927
      88.6 	 132040.638101
      88.7 	 132171.665775
      88.8 	 132300.976264
      88.9 	 132428.560885
      89.0 	 132554.410955
      89.1 	 132678.521836
      89.2 	 132800.905077
      89.3 	 132921.576272
      89.4 	 133040.551016
      89.5 	 133157.844903
      89.6 	 133273.473529
      89.7 	 133387.452487
      89.8 	 133499.797373
      89.9 	 133610.523781
      90.0 	 133719.647305
      90.1 	 133827.184672
      90.2 	 133933.157126
      90.3 	 134037.587044
      90.4 	 134140.496803
      90.5 	 134241.908780
      90.6 	 134341.845350
      90.7 	 134440.328891
      90.8 	 134537.381778
      90.9 	 134633.026389
      91.0 	 134727.285099
      91.1 	 134820.176683
      91.2 	 134911.705502
      91.3 	 135001.872318
      91.4 	 135090.677890
      91.5 	 135178.122977
      91.6 	 135264.208340
      91.7 	 135348.934738
      91.8 	 135432.302932
      91.9 	 135514.313681
      92.0 	 135594.967745
      92.1 	 135674.266767
      92.2 	 135752.215920
      92.3 	 135828.821259
      92.4 	 135904.088842
      92.5 	 135978.024724
      92.6 	 136050.634961
      92.7 	 136121.925610
      92.8 	 136191.902725
      92.9 	 136260.572363
      93.0 	 136327.940581
      93.1 	 136394.013057
      93.2 	 136458.793963
      93.3 	 136522.287095
      93.4 	 136584.496249
      93.5 	 136645.425218
      93.6 	 136705.077799
      93.7 	 136763.457787
      93.8 	 136820.568977
      93.9 	 136876.415165
      94.0 	 136931.000146
      94.1 	 136984.329236
      94.2 	 137036.413843
      94.3 	 137087.266893
      94.4 	 137136.901313
      94.5 	 137185.330033
      94.6 	 137232.565978
      94.7 	 137278.622078
      94.8 	 137323.511259
      94.9 	 137367.246449
      95.0 	 137409.840576
      95.1 	 137451.309748
      95.2 	 137491.682794
      95.3 	 137530.991724
      95.4 	 137569.268549
      95.5 	 137606.545278
      95.6 	 137642.853922
      95.7 	 137678.226490
      95.8 	 137712.694991
      95.9 	 137746.291437
      96.0 	 137779.047838
      96.1 	 137810.985268
      96.2 	 137842.081071
      96.3 	 137872.301652
      96.4 	 137901.613421
      96.5 	 137929.982785
      96.6 	 137957.376150
      96.7 	 137983.759926
      96.8 	 138009.100519
      96.9 	 138033.364338
      97.0 	 138056.517789
      97.1 	 138078.536643
      97.2 	 138099.434124
      97.3 	 138119.232816
      97.4 	 138137.955305
      97.5 	 138155.624176
      97.6 	 138172.262016
      97.7 	 138187.891408
      97.8 	 138202.534940
      97.9 	 138216.215195
      98.0 	 138228.954761
      98.1 	 138240.776196
      98.2 	 138251.701963
      98.3 	 138261.754495
      98.4 	 138270.956229
      98.5 	 138279.329600
      98.6 	 138286.897043
      98.7 	 138293.680994
      98.8 	 138299.703888
      98.9 	 138304.988160
      99.0 	 138309.556247
      99.1 	 138313.422064
      99.2 	 138316.565447
      99.3 	 138318.957716
      99.4 	 138320.570187
      99.5 	 138321.374179
      99.6 	 138321.341009
      99.7 	 138320.441994
      99.8 	 138318.648454
      99.9 	 138315.931705
     100.0 	 138312.263066
     100.1 	 138307.626835
     100.2 	 138302.059240
     100.3 	 138295.609490
     100.4 	 138288.326794
     100.5 	 138280.260360
     100.6 	 138271.459397
     100.7 	 138261.973114
     100.8 	 138251.850720
     100.9 	 138241.141423
     101.0 	 138229.894433
     101.1 	 138218.145424
     101.2 	 138205.875932
     101.3 	 138193.053957
     101.4 	 138179.647502
     101.5 	 138165.624567
     101.6 	 138150.953154
     101.7 	 138135.601264
     101.8 	 138119.536899
     101.9 	 138102.728059
     102.0 	 138085.142747
     102.1 	 138066.758577
     102.2 	 138047.591623
     102.3 	 138027.667572
     102.4 	 138007.012112
     102.5 	 137985.650930
     102.6 	 137963.609714
     102.7 	 137940.914150
     102.8 	 137917.589927
     102.9 	 137893.662732
     103.0 	 137869.158252
     103.1 	 137844.098331
     103.2 	 137818.489441
     103.3 	 137792.334209
     103.4 	 137765.635262
     103.5 	 137738.395228
     103.6 	 137710.616735
     103.7 	 137682.302410
     103.8 	 137653.454881
     103.9 	 137624.076775
     104.0 	 137594.170720
     104.1 	 137563.737767
     104.2 	 137532.772664
     104.3 	 137501.268580
     104.4 	 137469.218686
     104.5 	 137436.616153
     104.6 	 137403.454151
     104.7 	 137369.725851
     104.8 	 137335.424422
     104.9 	 137300.543037
     105.0 	 137265.074865
     105.1 	 137229.014851
     105.2 	 137192.365042
     105.3 	 137155.129260
     105.4 	 137117.311325
     105.5 	 137078.915058
     105.6 	 137039.944281
     105.7 	 137000.402815
     105.8 	 136960.294481
     105.9 	 136919.623100
     106.0 	 136878.392494
     106.1 	 136836.611744
     106.2 	 136794.310977
     106.3 	 136751.525579
     106.4 	 136708.290936
     106.5 	 136664.642437
     106.6 	 136620.615467
     106.7 	 136576.245413
     106.8 	 136531.567662
     106.9 	 136486.617600
     107.0 	 136441.430616
     107.1 	 136396.031701
     107.2 	 136350.404281
     107.3 	 136304.521384
     107.4 	 136258.356043
     107.5 	 136211.881287
     107.6 	 136165.070147
     107.7 	 136117.895654
     107.8 	 136070.330837
     107.9 	 136022.348729
     108.0 	 135973.922359
     108.1 	 135925.031517
     108.2 	 135875.683030
     108.3 	 135825.890484
     108.4 	 135775.667465
     108.5 	 135725.027560
     108.6 	 135673.984354
     108.7 	 135622.551433
     108.8 	 135570.742385
     108.9 	 135518.570794
     109.0 	 135466.050246
     109.1 	 135413.188723
     109.2 	 135359.971775
     109.3 	 135306.379349
     109.4 	 135252.391391
     109.5 	 135197.987848
     109.6 	 135143.148664
     109.7 	 135087.853787
     109.8 	 135032.083161
     109.9 	 134975.816734
     110.0 	 134919.034451
     110.1 	 134861.726974
     110.2 	 134803.927834
     110.3 	 134745.681276
     110.4 	 134687.031546
     110.5 	 134628.022890
     110.6 	 134568.699554
     110.7 	 134509.105784
     110.8 	 134449.285826
     110.9 	 134389.283926
     111.0 	 134329.144330
     111.1 	 134268.903182
     111.2 	 134208.564217
     111.3 	 134148.123070
     111.4 	 134087.575374
     111.5 	 134026.916762
     111.6 	 133966.142869
     111.7 	 133905.249327
     111.8 	 133844.231771
     111.9 	 133783.085834
     112.0 	 133721.807150
     112.1 	 133660.386719
     112.2 	 133598.797009
     112.3 	 133537.005853
     112.4 	 133474.981084
     112.5 	 133412.690538
     112.6 	 133350.102047
     112.7 	 133287.183445
     112.8 	 133223.902566
     112.9 	 133160.227244
     113.0 	 133096.125313
     113.1 	 133031.577231
     113.2 	 132966.613954
     113.3 	 132901.279060
     113.4 	 132835.616131
     113.5 	 132769.668746
     113.6 	 132703.480485
     113.7 	 132637.094928
     113.8 	 132570.555655
     113.9 	 132503.906245
     114.0 	 132437.190279
     114.1 	 132370.437281
     114.2 	 132303.620554
     114.3 	 132236.699344
     114.4 	 132169.632899
     114.5 	 132102.380467
     114.6 	 132034.901293
     114.7 	 131967.154626
     114.8 	 131899.099712
     114.9 	 131830.695799
     115.0 	 131761.902133
     115.1 	 131692.692655
     115.2 	 131623.100071
     115.3 	 131553.171780
     115.4 	 131482.955182
     115.5 	 131412.497676
     115.6 	 131341.846662
     115.7 	 131271.049538
     115.8 	 131200.153704
     115.9 	 131129.206560
     116.0 	 131058.255504
     116.1 	 130987.345747
     116.2 	 130916.513744
     116.3 	 130845.793760
     116.4 	 130775.220060
     116.5 	 130704.826911
     116.6 	 130634.648578
     116.7 	 130564.719327
     116.8 	 130495.073423
     116.9 	 130425.745132
     117.0 	 130356.768719
     117.1 	 130288.151715
     117.2 	 130219.794710
     117.3 	 130151.571556
     117.4 	 130083.356109
     117.5 	 130015.022222
     117.6 	 129946.443749
     117.7 	 129877.494545
     117.8 	 129808.048463
     117.9 	 129737.979357
     118.0 	 129667.161082
     118.1 	 129595.354718
     118.2 	 129521.870254
     118.3 	 129445.904907
     118.4 	 129366.655891
     118.5 	 129283.320424
     118.6 	 129195.095720
     118.7 	 129101.178996
     118.8 	 129000.767468
     118.9 	 128893.058352
     119.0 	 128777.248863
     119.1 	 128652.717304
     119.2 	 128519.566328
     119.3 	 128378.079671
     119.4 	 128228.541074
     119.5 	 128071.234273
     119.6 	 127906.443009
     119.7 	 127734.451018
     119.8 	 127555.542041
     119.9 	 127369.999814
     120.0 	 127178.108077
     120.1 	 126980.053653
     120.2 	 126775.635705
     120.3 	 126564.556480
     120.4 	 126346.518225
     120.5 	 126121.223188
     120.6 	 125888.373617
     120.7 	 125647.671759
     120.8 	 125398.819861
     120.9 	 125141.520171
     121.0 	 124875.474937
     121.1 	 124600.475057
     121.2 	 124316.666037
     121.3 	 124024.282035
     121.4 	 123723.557208
     121.5 	 123414.725713
     121.6 	 123098.021708
     121.7 	 122773.679350
     121.8 	 122441.932795
     121.9 	 122103.016203
     122.0 	 121757.163729
     122.1 	 121404.588834
     122.2 	 121045.422187
     122.3 	 120679.773761
     122.4 	 120307.753528
     122.5 	 119929.471461
     122.6 	 119545.037531
     122.7 	 119154.561712
     122.8 	 118758.153974
     122.9 	 118355.924292
     123.0 	 117947.982636
     123.1 	 117534.441183
     123.2 	 117115.420917
     123.3 	 116691.045028
     123.4 	 116261.436704
     123.5 	 115826.719135
     123.6 	 115387.015508
     123.7 	 114942.449012
     123.8 	 114493.142836
     123.9 	 114039.220169
     124.0 	 113580.804199
     124.1 	 113118.022638
     124.2 	 112651.021293
     124.3 	 112179.950493
     124.4 	 111704.960568
     124.5 	 111226.201848
     124.6 	 110743.824661
     124.7 	 110257.979338
     124.8 	 109768.816209
     124.9 	 109276.485602
     125.0 	 108781.137847
     125.1 	 108282.921155
     125.2 	 107781.975252
     125.3 	 107278.437746
     125.4 	 106772.446246
     125.5 	 106264.138358
     125.6 	 105753.651690
     125.7 	 105241.123849
     125.8 	 104726.692445
     125.9 	 104210.495083
     126.0 	 103692.669371
     126.1 	 103173.346161
     126.2 	 102652.629273
     126.3 	 102130.615772
     126.4 	 101607.402722
     126.5 	 101083.087186
     126.6 	 100557.766230
     126.7 	 100031.536918
     126.8 	 99504.496314
     126.9 	 98976.741481
     127.0 	 98448.369485
     127.1 	 97919.475571
     127.2 	 97390.147715
     127.3 	 96860.472074
     127.4 	 96330.534804
     127.5 	 95800.422062
     127.6 	 95270.220006
     127.7 	 94740.014792
     127.8 	 94209.892577
     127.9 	 93679.939519
     128.0 	 93150.241774
     128.1 	 92620.883498
     128.2 	 92091.940838
     128.3 	 91563.487941
     128.4 	 91035.598952
     128.5 	 90508.348018
     128.6 	 89981.809286
     128.7 	 89456.056900
     128.8 	 88931.165008
     128.9 	 88407.207755
     129.0 	 87884.259288
     129.1 	 87362.394658
     129.2 	 86841.692538
     129.3 	 86322.232504
     129.4 	 85804.094134
     129.5 	 85287.357005
     129.6 	 84772.100696
     129.7 	 84258.404783
     129.8 	 83746.348844
     129.9 	 83236.012456
     130.0 	 82727.475197
     130.1 	 82220.803637
     130.2 	 81716.012316
     130.3 	 81213.102769
     130.4 	 80712.076528
     130.5 	 80212.935127
     130.6 	 79715.680100
     130.7 	 79220.312980
     130.8 	 78726.835301
     130.9 	 78235.248595
     131.0 	 77745.554397
     131.1 	 77257.758619
     131.2 	 76771.884689
     131.3 	 76287.960413
     131.4 	 75806.013598
     131.5 	 75326.072051
     131.6 	 74848.163579
     131.7 	 74372.315987
     131.8 	 73898.557084
     131.9 	 73426.914676
     132.0 	 72957.416569
     132.1 	 72490.093537
     132.2 	 72024.988223
     132.3 	 71562.146236
     132.4 	 71101.613187
     132.5 	 70643.434683
     132.6 	 70187.656336
     132.7 	 69734.323755
     132.8 	 69283.482549
     132.9 	 68835.178327
     133.0 	 68389.456701
     133.1 	 67946.356554
     133.2 	 67505.889873
     133.3 	 67068.061922
     133.4 	 66632.877963
     133.5 	 66200.343257
     133.6 	 65770.463069
     133.7 	 65343.242660
     133.8 	 64918.687293
     133.9 	 64496.802230
     134.0 	 64077.592734
     134.1 	 63661.057971
     134.2 	 63247.172720
     134.3 	 62835.905666
     134.4 	 62427.225490
     134.5 	 62021.100877
     134.6 	 61617.500509
     134.7 	 61216.393069
     134.8 	 60817.747241
     134.9 	 60421.531709
     135.0 	 60027.715154
     135.1 	 59636.274357
     135.2 	 59247.218478
     135.3 	 58860.564777
     135.4 	 58476.330510
     135.5 	 58094.532936
     135.6 	 57715.189312
     135.7 	 57338.316897
     135.8 	 56963.932947
     135.9 	 56592.054721
     136.0 	 56222.699477
     136.1 	 55855.879391
     136.2 	 55491.586318
     136.3 	 55129.807031
     136.4 	 54770.528303
     136.5 	 54413.736906
     136.6 	 54059.419615
     136.7 	 53707.563203
     136.8 	 53358.154442
     136.9 	 53011.180106
     137.0 	 52666.626968
     137.1 	 52324.480424
     137.2 	 51984.720362
     137.3 	 51647.325296
     137.4 	 51312.273736
     137.5 	 50979.544194
     137.6 	 50649.115183
     137.7 	 50320.965213
     137.8 	 49995.072797
     137.9 	 49671.416447
     138.0 	 49349.974673
     138.1 	 49030.732903
     138.2 	 48713.704216
     138.3 	 48398.908608
     138.4 	 48086.366073
     138.5 	 47776.096605
     138.6 	 47468.120200
     138.7 	 47162.456853
     138.8 	 46859.126557
     138.9 	 46558.149308
     139.0 	 46259.545100
     139.1 	 45963.319585
     139.2 	 45669.421042
     139.3 	 45377.783407
     139.4 	 45088.340615
     139.5 	 44801.026604
     139.6 	 44515.775308
     139.7 	 44232.520664
     139.8 	 43951.196607
     139.9 	 43671.737074
     140.0 	 43394.076001
     140.1 	 43118.166380
     140.2 	 42844.037430
     140.3 	 42571.737430
     140.4 	 42301.314655
     140.5 	 42032.817382
     140.6 	 41766.293887
     140.7 	 41501.792448
     140.8 	 41239.361340
     140.9 	 40979.048841
     141.0 	 40720.903227
     141.1 	 40464.956458
     141.2 	 40211.175225
     141.3 	 39959.509906
     141.4 	 39709.910874
     141.5 	 39462.328505
     141.6 	 39216.713175
     141.7 	 38973.015259
     141.8 	 38731.185132
     141.9 	 38491.173170
     142.0 	 38252.929748
     142.1 	 38016.409616
     142.2 	 37781.585020
     142.3 	 37548.432581
     142.4 	 37316.928921
     142.5 	 37087.050659
     142.6 	 36858.774416
     142.7 	 36632.076814
     142.8 	 36406.934473
     142.9 	 36183.324014
     143.0 	 35961.222057
     143.1 	 35740.613819
     143.2 	 35521.518898
     143.3 	 35303.965485
     143.4 	 35087.981775
     143.5 	 34873.595959
     143.6 	 34660.836231
     143.7 	 34449.730783
     143.8 	 34240.307808
     143.9 	 34032.595499
     144.0 	 33826.622049
     144.1 	 33622.406389
     144.2 	 33419.930407
     144.3 	 33219.166729
     144.4 	 33020.087982
     144.5 	 32822.666792
     144.6 	 32626.875786
     144.7 	 32432.687589
     144.8 	 32240.074829
     144.9 	 32049.010132
     145.0 	 31859.466124
     145.1 	 31671.412815
     145.2 	 31484.809749
     145.3 	 31299.613856
     145.4 	 31115.782063
     145.5 	 30933.271297
     145.6 	 30752.038489
     145.7 	 30572.040564
     145.8 	 30393.234453
     145.9 	 30215.577082
     146.0 	 30039.025381
     146.1 	 29863.547406
     146.2 	 29689.155731
     146.3 	 29515.874062
     146.4 	 29343.726101
     146.5 	 29172.735551
     146.6 	 29002.926118
     146.7 	 28834.321503
     146.8 	 28666.945412
     146.9 	 28500.821547
     147.0 	 28335.973613
     147.1 	 28172.420018
     147.2 	 28010.157987
     147.3 	 27849.179452
     147.4 	 27689.476343
     147.5 	 27531.040592
     147.6 	 27373.864130
     147.7 	 27217.938886
     147.8 	 27063.256793
     147.9 	 26909.809780
     148.0 	 26757.589779
     148.1 	 26606.585632
     148.2 	 26456.773826
     148.3 	 26308.127758
     148.4 	 26160.620829
     148.5 	 26014.226435
     148.6 	 25868.917975
     148.7 	 25724.668847
     148.8 	 25581.452451
     148.9 	 25439.242183
     149.0 	 25298.011442
     149.1 	 25157.737505
     149.2 	 25018.413160
     149.3 	 24880.035073
     149.4 	 24742.599910
     149.5 	 24606.104338
     149.6 	 24470.545022
     149.7 	 24335.918629
     149.8 	 24202.221825
     149.9 	 24069.451276
     150.0 	 23937.603648
     150.1 	 23806.677028
     150.2 	 23676.675178
     150.3 	 23547.603282
     150.4 	 23419.466523
     150.5 	 23292.270083
     150.6 	 23166.019146
     150.7 	 23040.718895
     150.8 	 22916.374513
     150.9 	 22792.991182
     151.0 	 22670.574086
     151.1 	 22549.126931
     151.2 	 22428.647512
     151.3 	 22309.132147
     151.4 	 22190.577154
     151.5 	 22072.978851
     151.6 	 21956.333557
     151.7 	 21840.637589
     151.8 	 21725.887266
     151.9 	 21612.078905
     152.0 	 21499.208825
     152.1 	 21387.268663
     152.2 	 21276.231326
     152.3 	 21166.065043
     152.4 	 21056.738039
     152.5 	 20948.218542
     152.6 	 20840.474779
     152.7 	 20733.474977
     152.8 	 20627.187363
     152.9 	 20521.580164
     153.0 	 20416.621607
     153.1 	 20312.286113
     153.2 	 20208.572878
     153.3 	 20105.487294
     153.4 	 20003.034751
     153.5 	 19901.220640
     153.6 	 19800.050350
     153.7 	 19699.529274
     153.8 	 19599.662802
     153.9 	 19500.456323
     154.0 	 19401.915230
     154.1 	 19304.048941
     154.2 	 19206.882993
     154.3 	 19110.446950
     154.4 	 19014.770377
     154.5 	 18919.882839
     154.6 	 18825.813900
     154.7 	 18732.593126
     154.8 	 18640.250080
     154.9 	 18548.814329
     155.0 	 18458.315436
     155.1 	 18368.764318
     155.2 	 18280.097290
     155.3 	 18192.232022
     155.4 	 18105.086180
     155.5 	 18018.577433
     155.6 	 17932.623448
     155.7 	 17847.141893
     155.8 	 17762.050436
     155.9 	 17677.266744
     156.0 	 17592.708486
     156.1 	 17508.320924
     156.2 	 17424.159711
     156.3 	 17340.308092
     156.4 	 17256.849315
     156.5 	 17173.866625
     156.6 	 17091.443271
     156.7 	 17009.662498
     156.8 	 16928.607553
     156.9 	 16848.361684
     157.0 	 16769.008137
     157.1 	 16690.605124
     157.2 	 16613.110725
     157.3 	 16536.457983
     157.4 	 16460.579942
     157.5 	 16385.409646
     157.6 	 16310.880140
     157.7 	 16236.924467
     157.8 	 16163.475673
     157.9 	 16090.466800
     158.0 	 16017.830893
     158.1 	 15945.513172
     158.2 	 15873.507556
     158.3 	 15801.820140
     158.4 	 15730.457019
     158.5 	 15659.424288
     158.6 	 15588.728041
     158.7 	 15518.374374
     158.8 	 15448.369382
     158.9 	 15378.719159
     159.0 	 15309.429800
     159.1 	 15240.515444
     159.2 	 15172.022405
     159.3 	 15104.005039
     159.4 	 15036.517704
     159.5 	 14969.614758
     159.6 	 14903.350556
     159.7 	 14837.779458
     159.8 	 14772.955820
     159.9 	 14708.933998
     160.0 	 14645.768352
     160.1 	 14583.489237
     160.2 	 14522.031013
     160.3 	 14461.304037
     160.4 	 14401.218668
     160.5 	 14341.685264
     160.6 	 14282.614184
     160.7 	 14223.915787
     160.8 	 14165.500430
     160.9 	 14107.278472
     161.0 	 14049.160272
     161.1 	 13991.079011
     161.2 	 13933.059166
     161.3 	 13875.148036
     161.4 	 13817.392921
     161.5 	 13759.841121
     161.6 	 13702.539936
     161.7 	 13645.536665
     161.8 	 13588.878608
     161.9 	 13532.613065
     162.0 	 13476.787335
     162.1 	 13421.438731
     162.2 	 13366.564609
     162.3 	 13312.152339
     162.4 	 13258.189291
     162.5 	 13204.662833
     162.6 	 13151.560336
     162.7 	 13098.869168
     162.8 	 13046.576698
     162.9 	 12994.670297
     163.0 	 12943.137333
     163.1 	 12891.967819
     163.2 	 12841.162334
     163.3 	 12790.724101
     163.4 	 12740.656345
     163.5 	 12690.962286
     163.6 	 12641.645148
     163.7 	 12592.708155
     163.8 	 12544.154528
     163.9 	 12495.987490
     164.0 	 12448.210266
     164.1 	 12400.826590
     164.2 	 12353.842252
     164.3 	 12307.263555
     164.4 	 12261.096803
     164.5 	 12215.348297
     164.6 	 12170.024342
     164.7 	 12125.131240
     164.8 	 12080.675293
     164.9 	 12036.662806
     165.0 	 11993.100080
     165.1 	 11949.985666
     165.2 	 11907.287101
     165.3 	 11864.964169
     165.4 	 11822.976656
     165.5 	 11781.284345
     165.6 	 11739.847021
     165.7 	 11698.624468
     165.8 	 11657.576470
     165.9 	 11616.662813
     166.0 	 11575.843281
     166.1 	 11535.092771
     166.2 	 11494.446635
     166.3 	 11453.955341
     166.4 	 11413.669355
     166.5 	 11373.639141
     166.6 	 11333.915167
     166.7 	 11294.547898
     166.8 	 11255.587800
     166.9 	 11217.085340
     167.0 	 11179.090983
     167.1 	 11141.637193
     167.2 	 11104.684417
     167.3 	 11068.175099
     167.4 	 11032.051686
     167.5 	 10996.256620
     167.6 	 10960.732347
     167.7 	 10925.421311
     167.8 	 10890.265957
     167.9 	 10855.208729
     168.0 	 10820.192073
     168.1 	 10785.179765
     168.2 	 10750.220918
     168.3 	 10715.385977
     168.4 	 10680.745386
     168.5 	 10646.369591
     168.6 	 10612.329036
     168.7 	 10578.694166
     168.8 	 10545.535426
     168.9 	 10512.923261
     169.0 	 10480.928116
     169.1 	 10449.591506
     169.2 	 10418.839229
     169.3 	 10388.568151
     169.4 	 10358.675140
     169.5 	 10329.057062
     169.6 	 10299.610787
     169.7 	 10270.233179
     169.8 	 10240.821108
     169.9 	 10211.271439
     170.0 	 10181.481041
     170.1 	 10151.380620
     170.2 	 10121.036240
     170.3 	 10090.547803
     170.4 	 10060.015212
     170.5 	 10029.538370
     170.6 	  9999.217179
     170.7 	  9969.151544
     170.8 	  9939.441366
     170.9 	  9910.186548
     171.0 	  9881.486993
     171.1 	  9853.416357
     171.2 	  9825.943310
     171.3 	  9799.010274
     171.4 	  9772.559673
     171.5 	  9746.533928
     171.6 	  9720.875463
     171.7 	  9695.526700
     171.8 	  9670.430062
     171.9 	  9645.527972
     172.0 	  9620.762852
     172.1 	  9596.088822
     172.2 	  9571.506781
     172.3 	  9547.029326
     172.4 	  9522.669054
     172.5 	  9498.438562
     172.6 	  9474.350445
     172.7 	  9450.417301
     172.8 	  9426.651725
     172.9 	  9403.066315
     173.0 	  9379.673666
     173.1 	  9356.485475
     173.2 	  9333.509834
     173.3 	  9310.753933
     173.4 	  9288.224965
     173.5 	  9265.930119
     173.6 	  9243.876589
     173.7 	  9222.071563
     173.8 	  9200.522235
     173.9 	  9179.235795
     174.0 	  9158.219434
     174.1 	  9137.472252
     174.2 	  9116.960978
     174.3 	  9096.644253
     174.4 	  9076.480714
     174.5 	  9056.429000
     174.6 	  9036.447749
     174.7 	  9016.495601
     174.8 	  8996.531194
     174.9 	  8976.513166
     175.0 	  8956.400156
     175.1 	  8936.169907
     175.2 	  8915.876578
     175.3 	  8895.593431
     175.4 	  8875.393730
     175.5 	  8855.350738
     175.6 	  8835.537718
     175.7 	  8816.027932
     175.8 	  8796.894645
     175.9 	  8778.211118
     176.0 	  8760.050615
     176.1 	  8742.460571
     176.2 	  8725.385105
     176.3 	  8708.742510
     176.4 	  8692.451078
     176.5 	  8676.429100
     176.6 	  8660.594869
     176.7 	  8644.866676
     176.8 	  8629.162813
     176.9 	  8613.401572
     177.0 	  8597.501245
     177.1 	  8581.402204
     177.2 	  8565.133136
     177.3 	  8548.744811
     177.4 	  8532.287998
     177.5 	  8515.813463
     177.6 	  8499.371977
     177.7 	  8483.014306
     177.8 	  8466.791220
     177.9 	  8450.753487
     178.0 	  8434.951875
     178.1 	  8419.428099
     178.2 	  8404.187657
     178.3 	  8389.226993
     178.4 	  8374.542552
     178.5 	  8360.130778
     178.6 	  8345.988115
     178.7 	  8332.111007
     178.8 	  8318.495899
     178.9 	  8305.139235
     179.0 	  8292.037460
     179.1 	  8279.181518
     179.2 	  8266.540364
     179.3 	  8254.077452
     179.4 	  8241.756235
     179.5 	  8229.540169
     179.6 	  8217.392707
     179.7 	  8205.277305
     179.8 	  8193.157416
     179.9 	  8180.996496
     180.0 	  8168.757998
     180.1 	  8156.422259
     180.2 	  8144.037144
     180.3 	  8131.667399
     180.4 	  8119.377771
     180.5 	  8107.233007
     180.6 	  8095.297853
     180.7 	  8083.637056
     180.8 	  8072.315362
     180.9 	  8061.397519
     181.0 	  8050.948273
     181.1 	  8041.007367
     181.2 	  8031.514528
     181.3 	  8022.384478
     181.4 	  8013.531941
     181.5 	  8004.871640
     181.6 	  7996.318299
     181.7 	  7987.786639
     181.8 	  7979.191384
     181.9 	  7970.447258
     182.0 	  7961.468983
     182.1 	  7952.194529
     182.2 	  7942.654855
     182.3 	  7932.904167
     182.4 	  7922.996670
     182.5 	  7912.986569
     182.6 	  7902.928071
     182.7 	  7892.875381
     182.8 	  7882.882704
     182.9 	  7873.004246
     183.0 	  7863.294212
     183.1 	  7853.798711
     183.2 	  7844.531459
     183.3 	  7835.498075
     183.4 	  7826.704177
     183.5 	  7818.155384
     183.6 	  7809.857316
     183.7 	  7801.815590
     183.8 	  7794.035826
     183.9 	  7786.523643
     184.0 	  7779.284659
     184.1 	  7772.316246
     184.2 	  7765.582789
     184.3 	  7759.040425
     184.4 	  7752.645292
     184.5 	  7746.353528
     184.6 	  7740.121271
     184.7 	  7733.904658
     184.8 	  7727.659826
     184.9 	  7721.342914
     185.0 	  7714.910059
     185.1 	  7708.333380
     185.2 	  7701.648916
     185.3 	  7694.908688
     185.4 	  7688.164718
     185.5 	  7681.469026
     185.6 	  7674.873632
     185.7 	  7668.430558
     185.8 	  7662.191824
     185.9 	  7656.209451
     186.0 	  7650.535460
     186.1 	  7645.205466
     186.2 	  7640.189463
     186.3 	  7635.441042
     186.4 	  7630.913789
     186.5 	  7626.561295
     186.6 	  7622.337148
     186.7 	  7618.194938
     186.8 	  7614.088253
     186.9 	  7609.970682
     187.0 	  7605.795814
     187.1 	  7601.527610
     187.2 	  7597.171511
     187.3 	  7592.743331
     187.4 	  7588.258885
     187.5 	  7583.733986
     187.6 	  7579.184447
     187.7 	  7574.626082
     187.8 	  7570.074705
     187.9 	  7565.546129
     188.0 	  7561.056169
     188.1 	  7556.620664
     188.2 	  7552.255563
     188.3 	  7547.976840
     188.4 	  7543.800471
     188.5 	  7539.742429
     188.6 	  7535.818690
     188.7 	  7532.045229
     188.8 	  7528.438021
     188.9 	  7525.013040
     189.0 	  7521.786261
     189.1 	  7518.766406
     189.2 	  7515.933189
     189.3 	  7513.259068
     189.4 	  7510.716504
     189.5 	  7508.277957
     189.6 	  7505.915886
     189.7 	  7503.602752
     189.8 	  7501.311015
     189.9 	  7499.013134
     190.0 	  7496.681569
     190.1 	  7494.294904
     190.2 	  7491.856209
     190.3 	  7489.374678
     190.4 	  7486.859507
     190.5 	  7484.319888
     190.6 	  7481.765016
     190.7 	  7479.204085
     190.8 	  7476.646289
     190.9 	  7474.100822
     191.0 	  7471.576878
     191.1 	  7469.085503
     191.2 	  7466.645146
     191.3 	  7464.276106
     191.4 	  7461.998684
     191.5 	  7459.833181
     191.6 	  7457.799897
     191.7 	  7455.919131
     191.8 	  7454.211185
     191.9 	  7452.696358
     192.0 	  7451.394950
     192.1 	  7450.318603
     192.2 	  7449.444317
     192.3 	  7448.740434
     192.4 	  7448.175295
     192.5 	  7447.717242
     192.6 	  7447.334616
     192.7 	  7446.995759
     192.8 	  7446.669012
     192.9 	  7446.322716
     193.0 	  7445.925213
     193.1 	  7445.453131
     193.2 	  7444.916245
     193.3 	  7444.332614
     193.4 	  7443.720300
     193.5 	  7443.097364
     193.6 	  7442.481866
     193.7 	  7441.891868
     193.8 	  7441.345429
     193.9 	  7440.860612
     194.0 	  7440.455476
     194.1 	  7440.142362
     194.2 	  7439.910724
     194.3 	  7439.744299
     194.4 	  7439.626819
     194.5 	  7439.542021
     194.6 	  7439.473638
     194.7 	  7439.405405
     194.8 	  7439.321057
     194.9 	  7439.204329
     195.0 	  7439.038954
     195.1 	  7438.816576
     195.2 	  7438.560467
     195.3 	  7438.301808
     195.4 	  7438.071779
     195.5 	  7437.901561
     195.6 	  7437.822334
     195.7 	  7437.865280
     195.8 	  7438.061578
     195.9 	  7438.442409
     196.0 	  7439.038954
     196.1 	  7439.871323
     196.2 	  7440.915339
     196.3 	  7442.135756
     196.4 	  7443.497328
     196.5 	  7444.964808
     196.6 	  7446.502949
     196.7 	  7448.076505
     196.8 	  7449.650230
     196.9 	  7451.188876
     197.0 	  7452.657197
     197.1 	  7454.029635
     197.2 	  7455.319380
     197.3 	  7456.549312
     197.4 	  7457.742309
     197.5 	  7458.921251
     197.6 	  7460.109016
     197.7 	  7461.328484
     197.8 	  7462.602533
     197.9 	  7463.954043
     198.0 	  7465.405893
     198.1 	  7466.973562
     198.2 	  7468.642934
     198.3 	  7470.392493
     198.4 	  7472.200724
     198.5 	  7474.046112
     198.6 	  7475.907140
     198.7 	  7477.762294
     198.8 	  7479.590058
     198.9 	  7481.368915
     199.0 	  7483.077351
     199.1 	  7484.699538
     199.2 	  7486.242397
     199.3 	  7487.718537
     199.4 	  7489.140568
     199.5 	  7490.521099
     199.6 	  7491.872738
     199.7 	  7493.208096
     199.8 	  7494.539780
     199.9 	  7495.880402
     200.0 	  7497.242568
     200.1 	  7498.638980
     200.2 	  7500.082701
     200.3 	  7501.586884
     200.4 	  7503.164683
     200.5 	  7504.829252
     200.6 	  7506.593745
     200.7 	  7508.471315
     200.8 	  7510.475116
     200.9 	  7512.618302
     201.0 	  7514.914027
     201.1 	  7517.373040
     201.2 	  7519.996476
     201.3 	  7522.783063
     201.4 	  7525.731532
     201.5 	  7528.840611
     201.6 	  7532.109030
     201.7 	  7535.535520
     201.8 	  7539.118809
     201.9 	  7542.857626
     202.0 	  7546.750702
     202.1 	  7550.786938
     202.2 	  7554.915916
     202.3 	  7559.077392
     202.4 	  7563.211123
     202.5 	  7567.256861
     202.6 	  7571.154364
     202.7 	  7574.843385
     202.8 	  7578.263681
     202.9 	  7581.355006
     203.0 	  7584.057115
     203.1 	  7586.335075
     203.2 	  7588.255196
     203.3 	  7589.909101
     203.4 	  7591.388409
     203.5 	  7592.784745
     203.6 	  7594.189728
     203.7 	  7595.694980
     203.8 	  7597.392125
     203.9 	  7599.372782
     204.0 	  7601.728574
     204.1 	  7604.522665
     204.2 	  7607.704391
     204.3 	  7611.194630
     204.4 	  7614.914261
     204.5 	  7618.784162
     204.6 	  7622.725212
     204.7 	  7626.658289
     204.8 	  7630.504271
     204.9 	  7634.184037
     205.0 	  7637.618465
     205.1 	  7640.754863
     205.2 	  7643.646255
     205.3 	  7646.372096
     205.4 	  7649.011839
     205.5 	  7651.644937
     205.6 	  7654.350845
     205.7 	  7657.209016
     205.8 	  7660.298904
     205.9 	  7663.699962
     206.0 	  7667.491645
     206.1 	  7671.726580
     206.2 	  7676.350092
     206.3 	  7681.280679
     206.4 	  7686.436839
     206.5 	  7691.737072
     206.6 	  7697.099874
     206.7 	  7702.443745
     206.8 	  7707.687183
     206.9 	  7712.748686
     207.0 	  7717.546753
     207.1 	  7722.019664
     207.2 	  7726.184825
     207.3 	  7730.079424
     207.4 	  7733.740649
     207.5 	  7737.205688
     207.6 	  7740.511729
     207.7 	  7743.695960
     207.8 	  7746.795568
     207.9 	  7749.847743
     208.0 	  7752.889670
     208.1 	  7755.955845
     208.2 	  7759.069985
     208.3 	  7762.253112
     208.4 	  7765.526250
     208.5 	  7768.910421
     208.6 	  7772.426649
     208.7 	  7776.095957
     208.8 	  7779.939367
     208.9 	  7783.977903
     209.0 	  7788.232588
     209.1 	  7792.712929
     209.2 	  7797.382371
     209.3 	  7802.192846
     209.4 	  7807.096284
     209.5 	  7812.044615
     209.6 	  7816.989769
     209.7 	  7821.883677
     209.8 	  7826.678269
     209.9 	  7831.325476
     210.0 	  7835.777227
     210.1 	  7840.001657
     210.2 	  7844.031716
     210.3 	  7847.916559
     210.4 	  7851.705340
     210.5 	  7855.447212
     210.6 	  7859.191332
     210.7 	  7862.986852
     210.8 	  7866.882927
     210.9 	  7870.928711
     211.0 	  7875.173359
     211.1 	  7879.649372
     211.2 	  7884.322637
     211.3 	  7889.142389
     211.4 	  7894.057863
     211.5 	  7899.018293
     211.6 	  7903.972914
     211.7 	  7908.870960
     211.8 	  7913.661667
     211.9 	  7918.294268
     212.0 	  7922.717998
     212.1 	  7926.897944
     212.2 	  7930.862598
     212.3 	  7934.656305
     212.4 	  7938.323408
     212.5 	  7941.908252
     212.6 	  7945.455182
     212.7 	  7949.008541
     212.8 	  7952.612673
     212.9 	  7956.311923
     213.0 	  7960.150636
     213.1 	  7964.162922
     213.2 	  7968.341967
     213.3 	  7972.670721
     213.4 	  7977.132135
     213.5 	  7981.709162
     213.6 	  7986.384753
     213.7 	  7991.141858
     213.8 	  7995.963430
     213.9 	  8000.832420
     214.0 	  8005.731779
     214.1 	  8010.647180
     214.2 	  8015.575181
     214.3 	  8020.515058
     214.4 	  8025.466092
     214.5 	  8030.427559
     214.6 	  8035.398738
     214.7 	  8040.378907
     214.8 	  8045.367344
     214.9 	  8050.363329
     215.0 	  8055.366138
     215.1 	  8060.374440
     215.2 	  8065.384462
     215.3 	  8070.391819
     215.4 	  8075.392129
     215.5 	  8080.381007
     215.6 	  8085.354070
     215.7 	  8090.306934
     215.8 	  8095.235216
     215.9 	  8100.134531
     216.0 	  8105.000497
     216.1 	  8109.830539
     216.2 	  8114.629323
     216.3 	  8119.403325
     216.4 	  8124.159019
     216.5 	  8128.902882
     216.6 	  8133.641388
     216.7 	  8138.381014
     216.8 	  8143.128234
     216.9 	  8147.889525
     217.0 	  8152.671361
     217.1 	  8157.476968
     217.2 	  8162.296578
     217.3 	  8167.117171
     217.4 	  8171.925728
     217.5 	  8176.709230
     217.6 	  8181.454658
     217.7 	  8186.148993
     217.8 	  8190.779216
     217.9 	  8195.332308
     218.0 	  8199.795250
     218.1 	  8204.164471
     218.2 	  8208.474188
     218.3 	  8212.768066
     218.4 	  8217.089771
     218.5 	  8221.482967
     218.6 	  8225.991319
     218.7 	  8230.658493
     218.8 	  8235.528153
     218.9 	  8240.643964
     219.0 	  8246.049592
     219.1 	  8251.768425
     219.2 	  8257.742743
     219.3 	  8263.894550
     219.4 	  8270.145850
     219.5 	  8276.418646
     219.6 	  8282.634942
     219.7 	  8288.716742
     219.8 	  8294.586050
     219.9 	  8300.164869
     220.0 	  8305.375203
     220.1 	  8310.168123
     220.2 	  8314.610963
     220.3 	  8318.800126
     220.4 	  8322.832013
     220.5 	  8326.803028
     220.6 	  8330.809571
     220.7 	  8334.948046
     220.8 	  8339.314854
     220.9 	  8344.006396
     221.0 	  8349.119076
     221.1 	  8354.715213
     221.2 	  8360.720796
     221.3 	  8367.027732
     221.4 	  8373.527930
     221.5 	  8380.113296
     221.6 	  8386.675738
     221.7 	  8393.107163
     221.8 	  8399.299478
     221.9 	  8405.144590
     222.0 	  8410.534408
     222.1 	  8415.396124
     222.2 	  8419.798084
     222.3 	  8423.843919
     222.4 	  8427.637259
     222.5 	  8431.281736
     222.6 	  8434.880981
     222.7 	  8438.538625
     222.8 	  8442.358299
     222.9 	  8446.443635
     223.0 	  8450.898263
     223.1 	  8455.797611
     223.2 	  8461.104287
     223.3 	  8466.752696
     223.4 	  8472.677244
     223.5 	  8478.812335
     223.6 	  8485.092373
     223.7 	  8491.451764
     223.8 	  8497.824912
     223.9 	  8504.146222
     224.0 	  8510.350099
     224.1 	  8516.385871
     224.2 	  8522.262556
     224.3 	  8528.004096
     224.4 	  8533.634432
     224.5 	  8539.177508
     224.6 	  8544.657263
     224.7 	  8550.097640
     224.8 	  8555.522580
     224.9 	  8560.956026
     225.0 	  8566.421918
     225.1 	  8571.938013
     225.2 	  8577.497323
     225.3 	  8583.086675
     225.4 	  8588.692896
     225.5 	  8594.302813
     225.6 	  8599.903251
     225.7 	  8605.481039
     225.8 	  8611.023002
     225.9 	  8616.515968
     226.0 	  8621.946763
     226.1 	  8627.306369
     226.2 	  8632.602383
     226.3 	  8637.846560
     226.4 	  8643.050652
     226.5 	  8648.226412
     226.6 	  8653.385593
     226.7 	  8658.539949
     226.8 	  8663.701231
     226.9 	  8668.881195
     227.0 	  8674.091591
     227.1 	  8679.339409
     227.2 	  8684.612572
     227.3 	  8689.894240
     227.4 	  8695.167573
     227.5 	  8700.415729
     227.6 	  8705.621869
     227.7 	  8710.769151
     227.8 	  8715.840735
     227.9 	  8720.819780
     228.0 	  8725.689446
     228.1 	  8730.442680
     228.2 	  8735.111587
     228.3 	  8739.738061
     228.4 	  8744.363994
     228.5 	  8749.031280
     228.6 	  8753.781811
     228.7 	  8758.657481
     228.8 	  8763.700183
     228.9 	  8768.951811
     229.0 	  8774.454257
     229.1 	  8780.236720
     229.2 	  8786.277627
     229.3 	  8792.542708
     229.4 	  8798.997694
     229.5 	  8805.608317
     229.6 	  8812.340308
     229.7 	  8819.159398
     229.8 	  8826.031319
     229.9 	  8832.921802
     230.0 	  8839.796579
     230.1 	  8846.623544
     230.2 	  8853.379252
     230.3 	  8860.042422
     230.4 	  8866.591771
     230.5 	  8873.006018
     230.6 	  8879.263880
     230.7 	  8885.344077
     230.8 	  8891.225327
     230.9 	  8896.886348
     231.0 	  8902.305858
     231.1 	  8907.473595
     231.2 	  8912.423379
     231.3 	  8917.200047
     231.4 	  8921.848440
     231.5 	  8926.413396
     231.6 	  8930.939753
     231.7 	  8935.472350
     231.8 	  8940.056026
     231.9 	  8944.735621
     232.0 	  8949.555972
     232.1 	  8954.554144
     232.2 	  8959.736105
     232.3 	  8965.100047
     232.4 	  8970.644162
     232.5 	  8976.366643
     232.6 	  8982.265683
     232.7 	  8988.339475
     232.8 	  8994.586211
     232.9 	  9001.004084
     233.0 	  9007.591286
     233.1 	  9014.338627
     233.2 	  9021.207382
     233.3 	  9028.151442
     233.4 	  9035.124698
     233.5 	  9042.081042
     233.6 	  9048.974365
     233.7 	  9055.758559
     233.8 	  9062.387515
     233.9 	  9068.815125
     234.0 	  9074.995279
     234.1 	  9080.899473
     234.2 	  9086.569615
     234.3 	  9092.065217
     234.4 	  9097.445793
     234.5 	  9102.770853
     234.6 	  9108.099910
     234.7 	  9113.492476
     234.8 	  9119.008063
     234.9 	  9124.706183
     235.0 	  9130.646349
     235.1 	  9136.865195
     235.2 	  9143.307850
     235.3 	  9149.896566
     235.4 	  9156.553593
     235.5 	  9163.201183
     235.6 	  9169.761587
     235.7 	  9176.157058
     235.8 	  9182.309845
     235.9 	  9188.142201
     236.0 	  9193.576376
     236.1 	  9198.567630
     236.2 	  9203.203248
     236.3 	  9207.603523
     236.4 	  9211.888747
     236.5 	  9216.179215
     236.6 	  9220.595217
     236.7 	  9225.257048
     236.8 	  9230.285000
     236.9 	  9235.799366
     237.0 	  9241.920438
     237.1 	  9248.725684
     237.2 	  9256.121261
     237.3 	  9263.970502
     237.4 	  9272.136739
     237.5 	  9280.483305
     237.6 	  9288.873531
     237.7 	  9297.170749
     237.8 	  9305.238292
     237.9 	  9312.939492
     238.0 	  9320.137680
     238.1 	  9326.736596
     238.2 	  9332.801601
     238.3 	  9338.438463
     238.4 	  9343.752949
     238.5 	  9348.850827
     238.6 	  9353.837866
     238.7 	  9358.819832
     238.8 	  9363.902494
     238.9 	  9369.191620
     239.0 	  9374.792978
     239.1 	  9380.784826
     239.2 	  9387.135390
     239.3 	  9393.785387
     239.4 	  9400.675534
     239.5 	  9407.746549
     239.6 	  9414.939147
     239.7 	  9422.194046
     239.8 	  9429.451962
     239.9 	  9436.653614
     240.0 	  9443.739716
     240.1 	  9450.663997
     240.2 	  9457.432218
     240.3 	  9464.063152
     240.4 	  9470.575570
     240.5 	  9476.988245
     240.6 	  9483.319949
     240.7 	  9489.589453
     240.8 	  9495.815530
     240.9 	  9502.016952
     241.0 	  9508.212491
     241.1 	  9514.419208
     241.2 	  9520.647329
     241.3 	  9526.905367
     241.4 	  9533.201837
     241.5 	  9539.545252
     241.6 	  9545.944128
     241.7 	  9552.406978
     241.8 	  9558.942316
     241.9 	  9565.558657
     242.0 	  9572.264516
     242.1 	  9579.066008
     242.2 	  9585.959657
     242.3 	  9592.939592
     242.4 	  9599.999937
     242.5 	  9607.134819
     242.6 	  9614.338366
     242.7 	  9621.604703
     242.8 	  9628.927958
     242.9 	  9636.302256
     243.0 	  9643.721724
     243.1 	  9651.176461
     243.2 	  9658.640454
     243.3 	  9666.083663
     243.4 	  9673.476047
     243.5 	  9680.787566
     243.6 	  9687.988178
     243.7 	  9695.047844
     243.8 	  9701.936523
     243.9 	  9708.624174
     244.0 	  9715.080757
     244.1 	  9721.290659
     244.2 	  9727.295981
     244.3 	  9733.153249
     244.4 	  9738.918993
     244.5 	  9744.649739
     244.6 	  9750.402016
     244.7 	  9756.232352
     244.8 	  9762.197275
     244.9 	  9768.353312
     245.0 	  9774.756992
     245.1 	  9781.451129
     245.2 	  9788.423685
     245.3 	  9795.648907
     245.4 	  9803.101044
     245.5 	  9810.754344
     245.6 	  9818.583054
     245.7 	  9826.561423
     245.8 	  9834.663699
     245.9 	  9842.864130
     246.0 	  9851.136964
     246.1 	  9859.458095
     246.2 	  9867.810002
     246.3 	  9876.176809
     246.4 	  9884.542642
     246.5 	  9892.891626
     246.6 	  9901.207885
     246.7 	  9909.475544
     246.8 	  9917.678728
     246.9 	  9925.801562
     247.0 	  9933.828170
     247.1 	  9941.746035
     247.2 	  9949.556060
     247.3 	  9957.262507
     247.4 	  9964.869637
     247.5 	  9972.381712
     247.6 	  9979.802992
     247.7 	  9987.137739
     247.8 	  9994.390215
     247.9 	 10001.564680
     248.0 	 10008.665395
     248.1 	 10015.699771
     248.2 	 10022.687808
     248.3 	 10029.652655
     248.4 	 10036.617464
     248.5 	 10043.605382
     248.6 	 10050.639559
     248.7 	 10057.743146
     248.8 	 10064.939291
     248.9 	 10072.251144
     249.0 	 10079.701854
     249.1 	 10087.307642
     249.2 	 10095.057004
     249.3 	 10102.931511
     249.4 	 10110.912729
     249.5 	 10118.982228
     249.6 	 10127.121575
     249.7 	 10135.312339
     249.8 	 10143.536088
     249.9 	 10151.774392
     250.0 	 10160.008816
     250.1 	 10168.227510
     250.2 	 10176.444935
     250.3 	 10184.682131
     250.4 	 10192.960140
     250.5 	 10201.300001
     250.6 	 10209.722755
     250.7 	 10218.249444
     250.8 	 10226.901106
     250.9 	 10235.698785
     251.0 	 10244.663519
     251.1 	 10253.806936
     251.2 	 10263.103013
     251.3 	 10272.516313
     251.4 	 10282.011398
     251.5 	 10291.552833
     251.6 	 10301.105179
     251.7 	 10310.633001
     251.8 	 10320.100861
     251.9 	 10329.473323
     252.0 	 10338.714949
     252.1 	 10347.799075
     252.2 	 10356.734133
     252.3 	 10365.537323
     252.4 	 10374.225849
     252.5 	 10382.816912
     252.6 	 10391.327717
     252.7 	 10399.775465
     252.8 	 10408.177360
     252.9 	 10416.550603
     253.0 	 10424.912397
     253.1 	 10433.278921
     253.2 	 10441.662257
     253.3 	 10450.073461
     253.4 	 10458.523592
     253.5 	 10467.023707
     253.6 	 10475.584862
     253.7 	 10484.218117
     253.8 	 10492.934527
     253.9 	 10501.745151
     254.0 	 10510.661047
     254.1 	 10519.689940
     254.2 	 10528.826239
     254.3 	 10538.061020
     254.4 	 10547.385361
     254.5 	 10556.790339
     254.6 	 10566.267031
     254.7 	 10575.806513
     254.8 	 10585.399864
     254.9 	 10595.038159
     255.0 	 10604.712477
     255.1 	 10614.415110
     255.2 	 10624.143223
     255.3 	 10633.895193
     255.4 	 10643.669401
     255.5 	 10653.464227
     255.6 	 10663.278049
     255.7 	 10673.109248
     255.8 	 10682.956203
     255.9 	 10692.817293
     256.0 	 10702.690897
     256.1 	 10712.575724
     256.2 	 10722.471787
     256.3 	 10732.379428
     256.4 	 10742.298990
     256.5 	 10752.230814
     256.6 	 10762.175242
     256.7 	 10772.132617
     256.8 	 10782.103280
     256.9 	 10792.087574
     257.0 	 10802.085840
     257.1 	 10812.098083
     257.2 	 10822.122957
     257.3 	 10832.158780
     257.4 	 10842.203868
     257.5 	 10852.256539
     257.6 	 10862.315109
     257.7 	 10872.377897
     257.8 	 10882.443218
     257.9 	 10892.509390
     258.0 	 10902.574730
     258.1 	 10912.641088
     258.2 	 10922.724449
     258.3 	 10932.844329
     258.4 	 10943.020245
     258.5 	 10953.271715
     258.6 	 10963.618255
     258.7 	 10974.079382
     258.8 	 10984.674615
     258.9 	 10995.423469
     259.0 	 11006.345462
     259.1 	 11017.450762
     259.2 	 11028.712134
     259.3 	 11040.092998
     259.4 	 11051.556769
     259.5 	 11063.066867
     259.6 	 11074.586707
     259.7 	 11086.079708
     259.8 	 11097.509286
     259.9 	 11108.838860
     260.0 	 11120.031847
     260.1 	 11131.064506
     260.2 	 11141.964471
     260.3 	 11152.772218
     260.4 	 11163.528221
     260.5 	 11174.272957
     260.6 	 11185.046900
     260.7 	 11195.890527
     260.8 	 11206.844314
     260.9 	 11217.948735
     261.0 	 11229.244266
     261.1 	 11240.758589
     261.2 	 11252.468209
     261.3 	 11264.336836
     261.4 	 11276.328182
     261.5 	 11288.405956
     261.6 	 11300.533870
     261.7 	 11312.675634
     261.8 	 11324.794960
     261.9 	 11336.855557
     262.0 	 11348.821137
     262.1 	 11360.663968
     262.2 	 11372.390555
     262.3 	 11384.015959
     262.4 	 11395.555242
     262.5 	 11407.023466
     262.6 	 11418.435693
     262.7 	 11429.806985
     262.8 	 11441.152403
     262.9 	 11452.487010
     263.0 	 11463.825868
     263.1 	 11475.182751
     263.2 	 11486.566293
     263.3 	 11497.983838
     263.4 	 11509.442731
     263.5 	 11520.950318
     263.6 	 11532.513944
     263.7 	 11544.140955
     263.8 	 11555.838695
     263.9 	 11567.614511
     264.0 	 11579.475747
     264.1 	 11591.427682
     264.2 	 11603.467321
     264.3 	 11615.589604
     264.4 	 11627.789469
     264.5 	 11640.061855
     264.6 	 11652.401701
     264.7 	 11664.803946
     264.8 	 11677.263528
     264.9 	 11689.775386
     265.0 	 11702.334460
     265.1 	 11714.932341
     265.2 	 11727.547241
     265.3 	 11740.154021
     265.4 	 11752.727547
     265.5 	 11765.242682
     265.6 	 11777.674289
     265.7 	 11789.997233
     265.8 	 11802.186377
     265.9 	 11814.216585
     266.0 	 11826.062721
     266.1 	 11837.712490
     266.2 	 11849.204970
     266.3 	 11860.592079
     266.4 	 11871.925734
     266.5 	 11883.257856
     266.6 	 11894.640362
     266.7 	 11906.125171
     266.8 	 11917.764201
     266.9 	 11929.609371
     267.0 	 11941.712600
     267.1 	 11954.103532
     267.2 	 11966.722715
     267.3 	 11979.488421
     267.4 	 11992.318925
     267.5 	 12005.132500
     267.6 	 12017.847420
     267.7 	 12030.381957
     267.8 	 12042.654385
     267.9 	 12054.582978
     268.0 	 12066.086009
     268.1 	 12077.125945
     268.2 	 12087.842025
     268.3 	 12098.417682
     268.4 	 12109.036349
     268.5 	 12119.881458
     268.6 	 12131.136442
     268.7 	 12142.984734
     268.8 	 12155.609766
     268.9 	 12169.194972
     269.0 	 12183.923784
     269.1 	 12199.843648
     269.2 	 12216.458070
     269.3 	 12233.134567
     269.4 	 12249.240658
     269.5 	 12264.143862
     269.6 	 12277.211697
     269.7 	 12287.811681
     269.8 	 12295.311334
     269.9 	 12299.078172
     270.0 	 12298.479716
     270.1 	 12293.220417
     270.2 	 12284.352462
     270.3 	 12273.264972
     270.4 	 12261.347070
     270.5 	 12249.987875
     270.6 	 12240.576509
     270.7 	 12234.502093
     270.8 	 12233.153747
     270.9 	 12237.920594
     271.0 	 12250.191754
     271.1 	 12270.717616
     271.2 	 12297.693647
     271.3 	 12328.676578
     271.4 	 12361.223144
     271.5 	 12392.890077
     271.6 	 12421.234112
     271.7 	 12443.811981
     271.8 	 12458.180419
     271.9 	 12461.896157
     272.0 	 12452.515931
     272.1 	 12428.560646
     272.2 	 12392.407902
     272.3 	 12347.399473
     272.4 	 12296.877132
     272.5 	 12244.182652
     272.6 	 12192.657807
     272.7 	 12145.644370
     272.8 	 12106.484113
     272.9 	 12078.518811
     273.0 	 12065.090237
     273.1 	 12068.595438
     273.2 	 12087.652562
     273.3 	 12119.935032
     273.4 	 12163.116269
     273.5 	 12214.869697
     273.6 	 12272.868737
     273.7 	 12334.786812
     273.8 	 12398.297345
     273.9 	 12461.073757
     274.0 	 12520.789471
     274.1 	 12575.611378
     274.2 	 12625.680246
     274.3 	 12671.630311
     274.4 	 12714.095810
     274.5 	 12753.710978
     274.6 	 12791.110052
     274.7 	 12826.927268
     274.8 	 12861.796864
     274.9 	 12896.353074
     275.0 	 12931.230136
     275.1 	 12966.925965
     275.2 	 13003.393189
     275.3 	 13040.448116
     275.4 	 13077.907054
     275.5 	 13115.586311
     275.6 	 13153.302194
     275.7 	 13190.871012
     275.8 	 13228.109071
     275.9 	 13264.832680
     276.0 	 13300.858147
     276.1 	 13336.040776
     276.2 	 13370.391866
     276.3 	 13403.961711
     276.4 	 13436.800608
     276.5 	 13468.958851
     276.6 	 13500.486735
     276.7 	 13531.434557
     276.8 	 13561.852611
     276.9 	 13591.791193
     277.0 	 13621.300597
     277.1 	 13650.416864
     277.2 	 13679.119004
     277.3 	 13707.371774
     277.4 	 13735.139928
     277.5 	 13762.388221
     277.6 	 13789.081410
     277.7 	 13815.184248
     277.8 	 13840.661493
     277.9 	 13865.477898
     278.0 	 13889.598220
     278.1 	 13912.996869
     278.2 	 13935.686880
     278.3 	 13957.690944
     278.4 	 13979.031750
     278.5 	 13999.731989
     278.6 	 14019.814352
     278.7 	 14039.301528
     278.8 	 14058.216208
     278.9 	 14076.581082
     279.0 	 14094.418841
     279.1 	 14111.744035
     279.2 	 14128.538656
     279.3 	 14144.776555
     279.4 	 14160.431584
     279.5 	 14175.477595
     279.6 	 14189.888438
     279.7 	 14203.637966
     279.8 	 14216.700030
     279.9 	 14229.048483
     280.0 	 14240.657174
     280.1 	 14251.503029
     280.2 	 14261.575258
     280.3 	 14270.866146
     280.4 	 14279.367976
     280.5 	 14287.073032
     280.6 	 14293.973598
     280.7 	 14300.061956
     280.8 	 14305.330392
     280.9 	 14309.771188
     281.0 	 14313.376629
     281.1 	 14316.142479
     281.2 	 14318.078429
     281.3 	 14319.197650
     281.4 	 14319.513314
     281.5 	 14319.038591
     281.6 	 14317.786655
     281.7 	 14315.770676
     281.8 	 14313.003826
     281.9 	 14309.499276
     282.0 	 14305.270198
     282.1 	 14300.322682
     282.2 	 14294.634492
     282.3 	 14288.176309
     282.4 	 14280.918815
     282.5 	 14272.832693
     282.6 	 14263.888624
     282.7 	 14254.057291
     282.8 	 14243.309376
     282.9 	 14231.615560
     283.0 	 14218.946525
     283.1 	 14205.279384
     283.2 	 14190.616970
     283.3 	 14174.968547
     283.4 	 14158.343378
     283.5 	 14140.750728
     283.6 	 14122.199859
     283.7 	 14102.700035
     283.8 	 14082.260520
     283.9 	 14060.890578
     284.0 	 14038.599472
     284.1 	 14015.391122
     284.2 	 13991.248072
     284.3 	 13966.147523
     284.4 	 13940.066677
     284.5 	 13912.982732
     284.6 	 13884.872891
     284.7 	 13855.714353
     284.8 	 13825.484320
     284.9 	 13794.159992
     285.0 	 13761.718569
     285.1 	 13728.140739
     285.2 	 13693.421137
     285.3 	 13657.557881
     285.4 	 13620.549094
     285.5 	 13582.392895
     285.6 	 13543.087405
     285.7 	 13502.630746
     285.8 	 13461.021036
     285.9 	 13418.256397
     286.0 	 13374.334950
     286.1 	 13329.254739
     286.2 	 13283.013507
     286.3 	 13235.608921
     286.4 	 13187.038648
     286.5 	 13137.300355
     286.6 	 13086.391708
     286.7 	 13034.310375
     286.8 	 12981.054023
     286.9 	 12926.620318
     287.0 	 12871.006927
     287.1 	 12814.207436
     287.2 	 12756.199102
     287.3 	 12696.955102
     287.4 	 12636.448611
     287.5 	 12574.652805
     287.6 	 12511.540860
     287.7 	 12447.085953
     287.8 	 12381.261259
     287.9 	 12314.039954
     288.0 	 12245.395215
     288.1 	 12175.304965
     288.2 	 12103.766121
     288.3 	 12030.780348
     288.4 	 11956.349311
     288.5 	 11880.474675
     288.6 	 11803.158105
     288.7 	 11724.401266
     288.8 	 11644.205822
     288.9 	 11562.573439
     289.0 	 11479.505781
     289.1 	 11395.001384
     289.2 	 11309.046263
     289.3 	 11221.623304
     289.4 	 11132.715394
     289.5 	 11042.305418
     289.6 	 10950.376263
     289.7 	 10856.910814
     289.8 	 10761.891957
     289.9 	 10665.302579
     290.0 	 10567.125564
     290.1 	 10467.345457
     290.2 	 10365.953423
     290.3 	 10262.942287
     290.4 	 10158.304871
     290.5 	 10052.033999
     290.6 	  9944.122494
     290.7 	  9834.563180
     290.8 	  9723.348881
     290.9 	  9610.472420
     291.0 	  9495.926619
     291.1 	  9379.701678
     291.2 	  9261.777291
     291.3 	  9142.130529
     291.4 	  9020.738461
     291.5 	  8897.578157
     291.6 	  8772.626687
     291.7 	  8645.861122
     291.8 	  8517.258530
     291.9 	  8386.795982
     292.0 	  8254.450548
     292.1 	  8120.202154
     292.2 	  7984.042159
     292.3 	  7845.964777
     292.4 	  7705.964222
     292.5 	  7564.034710
     292.6 	  7420.170454
     292.7 	  7274.365669
     292.8 	  7126.614570
     292.9 	  6976.911372
     293.0 	  6825.250290
     293.1 	  6671.623815
     293.2 	  6516.017555
     293.3 	  6358.415395
     293.4 	  6198.801219
     293.5 	  6037.158913
     293.6 	  5873.472361
     293.7 	  5707.725449
     293.8 	  5539.902060
     293.9 	  5369.986081
     294.0 	  5197.961395
     294.1 	  5023.810574
     294.2 	  4847.510929
     294.3 	  4669.038460
     294.4 	  4488.369163
     294.5 	  4305.479037
     294.6 	  4120.344080
     294.7 	  3932.940290
     294.8 	  3743.243664
     294.9 	  3551.230202
     295.0 	  3356.875900
     295.1 	  3160.158940
     295.2 	  2961.066236
     295.3 	  2759.586882
     295.4 	  2555.709975
     295.5 	  2349.424612
     295.6 	  2140.719888
     295.7 	  1929.584898
     295.8 	  1716.008741
     295.9 	  1499.980510
     296.0 	  1281.489303
     296.1 	  1060.522464
     296.2 	   837.060332
     296.3 	   611.081494
     296.4 	   382.564537
     296.5 	   151.488049
     296.6 	   -82.169384
     296.7 	  -318.429173
     296.8 	  -557.312733
     296.9 	  -798.841474
     297.0 	 -1043.036811
     297.1 	 -1289.920452
     297.2 	 -1539.515291
     297.3 	 -1791.844518
     297.4 	 -2046.931325
     297.5 	 -2304.798900
     297.6 	 -2565.470434
     297.7 	 -2828.969119
     297.8 	 -3095.318142
     297.9 	 -3364.540696
     298.0 	 -3636.659971
     298.1 	 -3911.698954
     298.2 	 -4189.679829
     298.3 	 -4470.624575
     298.4 	 -4754.555174
     298.5 	 -5041.493605
     298.6 	 -5331.461850
     298.7 	 -5624.481889
     298.8 	 -5920.575702
     298.9 	 -6219.765270
     299.0 	 -6522.072574
     299.1 	 -6827.519332
     299.2 	 -7136.126220
     299.3 	 -7447.913652
     299.4 	 -7762.902040
     299.5 	 -8081.111800
     299.6 	 -8402.563344
     299.7 	 -8727.277087
     299.8 	 -9055.273442
     299.9 	 -9386.572822
     300.0 	 -9721.195643
     300.1 	 -10059.164334
     300.2 	 -10400.509397
     300.3 	 -10745.263351
     300.4 	 -11093.458715
     300.5 	 -11445.128009
     300.6 	 -11800.303750
     300.7 	 -12159.018459
     300.8 	 -12521.304653
     300.9 	 -12887.194852
     301.0 	 -13256.721575
     301.1 	 -13629.916614
     301.2 	 -14006.808857
     301.3 	 -14387.426463
     301.4 	 -14771.797594
     301.5 	 -15159.950409
     301.6 	 -15551.913070
     301.7 	 -15947.713736
     301.8 	 -16347.380569
     301.9 	 -16750.941729
     302.0 	 -17158.425376
     302.1 	 -17569.859690
     302.2 	 -17985.272923
     302.3 	 -18404.693348
     302.4 	 -18828.149235
     302.5 	 -19255.668858
     302.6 	 -19687.280487
     302.7 	 -20123.012394
     302.8 	 -20562.892852
     302.9 	 -21006.950131
     303.0 	 -21455.212503
     303.1 	 -21907.709118
     303.2 	 -22364.472629
     303.3 	 -22825.536569
     303.4 	 -23290.934469
     303.5 	 -23760.699862
     303.6 	 -24234.866278
     303.7 	 -24713.467249
     303.8 	 -25196.536308
     303.9 	 -25684.106986
     304.0 	 -26176.212814
     304.1 	 -26672.888371
     304.2 	 -27174.172424
     304.3 	 -27680.104786
     304.4 	 -28190.725271
     304.5 	 -28706.073691
     304.6 	 -29226.189861
     304.7 	 -29751.113594
     304.8 	 -30280.884703
     304.9 	 -30815.543002
     305.0 	 -31355.128303
     305.1 	 -31899.681247
     305.2 	 -32449.245777
     305.3 	 -33003.866662
     305.4 	 -33563.588673
     305.5 	 -34128.456578
     305.6 	 -34698.515147
     305.7 	 -35273.809149
     305.8 	 -35854.383355
     305.9 	 -36440.282534
     306.0 	 -37031.551454
     306.1 	 -37628.231854
     306.2 	 -38230.353339
     306.3 	 -38837.942482
     306.4 	 -39451.025857
     306.5 	 -40069.630038
     306.6 	 -40693.781598
     306.7 	 -41323.507110
     306.8 	 -41958.833149
     306.9 	 -42599.786286
     307.0 	 -43246.393096
     307.1 	 -43898.688400
     307.2 	 -44556.740006
     307.3 	 -45220.623973
     307.4 	 -45890.416358
     307.5 	 -46566.193216
     307.6 	 -47248.030605
     307.7 	 -47936.004583
     307.8 	 -48630.191206
     307.9 	 -49330.666531
     308.0 	 -50037.506616
     308.1 	 -50750.779355
     308.2 	 -51470.519997
     308.3 	 -52196.755632
     308.4 	 -52929.513345
     308.5 	 -53668.820226
     308.6 	 -54414.703361
     308.7 	 -55167.189838
     308.8 	 -55926.306744
     308.9 	 -56692.081169
     309.0 	 -57464.540198
     309.1 	 -58243.717030
     309.2 	 -59029.669306
     309.3 	 -59822.460774
     309.4 	 -60622.155185
     309.5 	 -61428.816290
     309.6 	 -62242.507839
     309.7 	 -63063.293581
     309.8 	 -63891.237267
     309.9 	 -64726.402647
     310.0 	 -65568.853471
     310.1 	 -66418.655625
     310.2 	 -67275.883531
     310.3 	 -68140.613747
     310.4 	 -69012.922833
     310.5 	 -69892.887345
     310.6 	 -70780.583842
     310.7 	 -71676.088883
     310.8 	 -72579.479025
     310.9 	 -73490.830827
     311.0 	 -74410.220847
     311.1 	 -75337.722325
     311.2 	 -76273.395236
     311.3 	 -77217.296236
     311.4 	 -78169.481983
     311.5 	 -79130.009132
     311.6 	 -80098.934341
     311.7 	 -81076.314266
     311.8 	 -82062.205564
     311.9 	 -83056.664892
     312.0 	 -84059.748907
     312.1 	 -85071.516800
     312.2 	 -86092.037907
     312.3 	 -87121.384099
     312.4 	 -88159.627246
     312.5 	 -89206.839218
     312.6 	 -90263.091886
     312.7 	 -91328.457121
     312.8 	 -92403.006793
     312.9 	 -93486.812773
     313.0 	 -94579.946931
     313.1 	 -95682.484130
     313.2 	 -96794.511199
     313.3 	 -97916.117961
     313.4 	 -99047.394236
     313.5 	 -100188.429846
     313.6 	 -101339.314612
     313.7 	 -102500.138357
     313.8 	 -103670.990901
     313.9 	 -104851.962067
     314.0 	 -106043.141675
     314.1 	 -107244.620851
     314.2 	 -108456.495931
     314.3 	 -109678.864557
     314.4 	 -110911.824370
     314.5 	 -112155.473009
     314.6 	 -113409.908116
     314.7 	 -114675.227331
     314.8 	 -115951.528295
     314.9 	 -117238.908649
     315.0 	 -118537.466033
     315.1 	 -119847.295325
     315.2 	 -121168.480351
     315.3 	 -122501.102175
     315.4 	 -123845.241859
     315.5 	 -125200.980468
     315.6 	 -126568.399063
     315.7 	 -127947.578710
     315.8 	 -129338.600470
     315.9 	 -130741.545408
     316.0 	 -132156.494586
     316.1 	 -133583.537329
     316.2 	 -135022.796010
     316.3 	 -136474.401262
     316.4 	 -137938.483720
     316.5 	 -139415.174016
     316.6 	 -140904.602786
     316.7 	 -142406.900662
     316.8 	 -143922.198278
     316.9 	 -145450.626269
     317.0 	 -146992.315268
     317.1 	 -148547.390449
     317.2 	 -150115.955146
     317.3 	 -151698.107234
     317.4 	 -153293.944585
     317.5 	 -154903.565076
     317.6 	 -156527.066580
     317.7 	 -158164.546970
     317.8 	 -159816.104122
     317.9 	 -161481.835910
     318.0 	 -163161.840207
     318.1 	 -164856.228494
     318.2 	 -166565.166675
     318.3 	 -168288.834261
     318.4 	 -170027.410762
     318.5 	 -171781.075689
     318.6 	 -173550.008553
     318.7 	 -175334.388863
     318.8 	 -177134.396130
     318.9 	 -178950.209865
     319.0 	 -180782.009578
     319.1 	 -182629.957877
     319.2 	 -184494.149755
     319.3 	 -186374.663305
     319.4 	 -188271.576618
     319.5 	 -190184.967785
     319.6 	 -192114.914898
     319.7 	 -194061.496048
     319.8 	 -196024.789326
     319.9 	 -198004.872824
     320.0 	 -200001.824634
     320.1 	 -202015.748943
     320.2 	 -204046.854328
     320.3 	 -206095.375463
     320.4 	 -208161.547020
     320.5 	 -210245.603673
     320.6 	 -212347.780095
     320.7 	 -214468.310959
     320.8 	 -216607.430940
     320.9 	 -218765.374709
     321.0 	 -220942.376941
     321.1 	 -223138.653293
     321.2 	 -225354.343365
     321.3 	 -227589.567742
     321.4 	 -229844.447006
     321.5 	 -232119.101743
     321.6 	 -234413.652536
     321.7 	 -236728.219969
     321.8 	 -239062.924628
     321.9 	 -241417.887095
     322.0 	 -243793.227955
     322.1 	 -246189.090940
     322.2 	 -248605.712366
     322.3 	 -251043.351698
     322.4 	 -253502.268400
     322.5 	 -255982.721937
     322.6 	 -258484.971773
     322.7 	 -261009.277373
     322.8 	 -263555.898201
     322.9 	 -266125.093721
     323.0 	 -268717.123397
     323.1 	 -271332.227779
     323.2 	 -273970.571745
     323.3 	 -276632.301261
     323.4 	 -279317.562292
     323.5 	 -282026.500801
     323.6 	 -284759.262754
     323.7 	 -287515.994114
     323.8 	 -290296.840846
     323.9 	 -293101.948914
     324.0 	 -295931.464284
     324.1 	 -298785.559365
     324.2 	 -301664.512362
     324.3 	 -304568.627923
     324.4 	 -307498.210698
     324.5 	 -310453.565336
     324.6 	 -313434.996488
     324.7 	 -316442.808802
     324.8 	 -319477.306928
     324.9 	 -322538.795516
     325.0 	 -325627.579216
     325.1 	 -328743.952478
     325.2 	 -331888.168956
     325.3 	 -335060.472108
     325.4 	 -338261.105387
     325.5 	 -341490.312252
     325.6 	 -344748.336156
     325.7 	 -348035.420557
     325.8 	 -351351.808909
     325.9 	 -354697.744669
     326.0 	 -358073.471293
     326.1 	 -361479.236768
     326.2 	 -364915.307202
     326.3 	 -368381.953238
     326.4 	 -371879.445515
     326.5 	 -375408.054675
     326.6 	 -378968.051358
     326.7 	 -382559.706205
     326.8 	 -386183.289857
     326.9 	 -389839.072954
     327.0 	 -393527.326137
     327.1 	 -397248.335586
     327.2 	 -401002.449640
     327.3 	 -404790.032176
     327.4 	 -408611.447072
     327.5 	 -412467.058204
     327.6 	 -416357.229451
     327.7 	 -420282.324691
     327.8 	 -424242.707800
     327.9 	 -428238.742656
     328.0 	 -432270.793138
     328.1 	 -436339.218269
     328.2 	 -440444.357665
     328.3 	 -444586.546086
     328.4 	 -448766.118296
     328.5 	 -452983.409056
     328.6 	 -457238.753127
     328.7 	 -461532.485272
     328.8 	 -465864.940253
     328.9 	 -470236.452831
     329.0 	 -474647.357768
     329.1 	 -479097.998073
     329.2 	 -483588.749742
     329.3 	 -488119.997017
     329.4 	 -492692.124141
     329.5 	 -497305.515356
     329.6 	 -501960.554905
     329.7 	 -506657.627030
     329.8 	 -511397.115974
     329.9 	 -516179.405980
     330.0 	 -521004.881289
     330.1 	 -525873.938571
     330.2 	 -530787.024195
     330.3 	 -535744.596960
     330.4 	 -540747.115662
     330.5 	 -545795.039098
     330.6 	 -550888.826063
     330.7 	 -556028.935357
     330.8 	 -561215.825774
     330.9 	 -566449.956112
     331.0 	 -571731.785167
     331.1 	 -577061.762973
     331.2 	 -582440.304506
     331.3 	 -587867.815978
     331.4 	 -593344.703602
     331.5 	 -598871.373591
     331.6 	 -604448.232155
     331.7 	 -610075.685509
     331.8 	 -615754.139865
     331.9 	 -621484.001434
     332.0 	 -627265.676430
     332.1 	 -633099.595813
     332.2 	 -638986.289537
     332.3 	 -644926.312305
     332.4 	 -650920.218817
     332.5 	 -656968.563778
     332.6 	 -663071.901889
     332.7 	 -669230.787851
     332.8 	 -675445.776368
     332.9 	 -681717.422141
     333.0 	 -688046.279873
     333.1 	 -694432.896476
     333.2 	 -700877.787700
     333.3 	 -707381.461505
     333.4 	 -713944.425850
     333.5 	 -720567.188697
     333.6 	 -727250.258005
     333.7 	 -733994.141735
     333.8 	 -740799.347846
     333.9 	 -747666.384298
     334.0 	 -754595.759052
     334.1 	 -761587.994208
     334.2 	 -768643.668431
     334.3 	 -775763.374527
     334.4 	 -782947.705300
     334.5 	 -790197.253557
     334.6 	 -797512.612102
     334.7 	 -804894.373741
     334.8 	 -812343.131279
     334.9 	 -819859.477522
     335.0 	 -827444.005276
     335.1 	 -835097.310815
     335.2 	 -842820.004294
     335.3 	 -850612.699336
     335.4 	 -858476.009567
     335.5 	 -866410.548611
     335.6 	 -874416.930090
     335.7 	 -882495.767631
     335.8 	 -890647.674857
     335.9 	 -898873.265391
     336.0 	 -907173.152860
     336.1 	 -915547.956525
     336.2 	 -923998.318211
     336.3 	 -932524.885382
     336.4 	 -941128.305499
     336.5 	 -949809.226027
     336.6 	 -958568.294429
     336.7 	 -967406.158168
     336.8 	 -976323.464706
     336.9 	 -985320.861509
     337.0 	 -994398.996038
     337.1 	 -1003558.510470
     337.2 	 -1012800.025838
     337.3 	 -1022124.157888
     337.4 	 -1031531.522365
     337.5 	 -1041022.735016
     337.6 	 -1050598.411586
     337.7 	 -1060259.167820
     337.8 	 -1070005.619465
     337.9 	 -1079838.382267
     338.0 	 -1089758.071972
     338.1 	 -1099765.317824
     338.2 	 -1109860.803067
     338.3 	 -1120045.224445
     338.4 	 -1130319.278699
     338.5 	 -1140683.662574
     338.6 	 -1151139.072812
     338.7 	 -1161686.206156
     338.8 	 -1172325.759349
     338.9 	 -1183058.429133
     339.0 	 -1193884.912253
     339.1 	 -1204805.889991
     339.2 	 -1215821.981799
     339.3 	 -1226933.791666
     339.4 	 -1238141.923585
     339.5 	 -1249446.981545
     339.6 	 -1260849.569539
     339.7 	 -1272350.291557
     339.8 	 -1283949.751591
     339.9 	 -1295648.553631
     340.0 	 -1307447.301669
     340.1 	 -1319346.598593
     340.2 	 -1331347.042879
     340.3 	 -1343449.231900
     340.4 	 -1355653.763031
     340.5 	 -1367961.233643
     340.6 	 -1380372.241110
     340.7 	 -1392887.382806
     340.8 	 -1405507.256105
     340.9 	 -1418232.458378
     341.0 	 -1431063.587001
     341.1 	 -1444001.217491
     341.2 	 -1457045.837955
     341.3 	 -1470197.914641
     341.4 	 -1483457.913801
     341.5 	 -1496826.301686
     341.6 	 -1510303.544546
     341.7 	 -1523890.108632
     341.8 	 -1537586.460193
     341.9 	 -1551393.065482
     342.0 	 -1565310.390748
     342.1 	 -1579338.886513
     342.2 	 -1593478.940380
     342.3 	 -1607730.924222
     342.4 	 -1622095.209914
     342.5 	 -1636572.169329
     342.6 	 -1651162.174341
     342.7 	 -1665865.596823
     342.8 	 -1680682.808650
     342.9 	 -1695614.181695
     343.0 	 -1710660.087833
     343.1 	 -1725820.856907
     343.2 	 -1741096.650653
     343.3 	 -1756487.588776
     343.4 	 -1771993.790981
     343.5 	 -1787615.376974
     343.6 	 -1803352.466460
     343.7 	 -1819205.179144
     343.8 	 -1835173.634733
     343.9 	 -1851257.952931
     344.0 	 -1867458.253445
     344.1 	 -1883774.605492
     344.2 	 -1900206.876340
     344.3 	 -1916754.882770
     344.4 	 -1933418.441562
     344.5 	 -1950197.369497
     344.6 	 -1967091.483355
     344.7 	 -1984100.599916
     344.8 	 -2001224.535962
     344.9 	 -2018463.108271
     345.0 	 -2035816.133626
     345.1 	 -2053283.382314
     345.2 	 -2070864.438649
     345.3 	 -2088558.840454
     345.4 	 -2106366.125551
     345.5 	 -2124285.831763
     345.6 	 -2142317.496912
     345.7 	 -2160460.658819
     345.8 	 -2178714.855308
     345.9 	 -2197079.624201
     346.0 	 -2215554.503320
     346.1 	 -2234138.921076
     346.2 	 -2252831.868243
     346.3 	 -2271632.226182
     346.4 	 -2290538.876254
     346.5 	 -2309550.699821
     346.6 	 -2328666.578246
     346.7 	 -2347885.392890
     346.8 	 -2367206.025114
     346.9 	 -2386627.356282
     347.0 	 -2406148.267754
     347.1 	 -2425767.577210
     347.2 	 -2445483.847603
     347.3 	 -2465295.578204
     347.4 	 -2485201.268283
     347.5 	 -2505199.417109
     347.6 	 -2525288.523955
     347.7 	 -2545467.088090
     347.8 	 -2565733.608785
     347.9 	 -2586086.585311
     348.0 	 -2606524.516937
     348.1 	 -2627045.761612
     348.2 	 -2647648.111996
     348.3 	 -2668329.219427
     348.4 	 -2689086.735240
     348.5 	 -2709918.310774
     348.6 	 -2730821.597366
     348.7 	 -2751794.246354
     348.8 	 -2772833.909073
     348.9 	 -2793938.236863
     349.0 	 -2815104.881060
     349.1 	 -2836331.378130
     349.2 	 -2857614.805053
     349.3 	 -2878952.123937
     349.4 	 -2900340.296890
     349.5 	 -2921776.286021
     349.6 	 -2943257.053438
     349.7 	 -2964779.561249
     349.8 	 -2986340.771562
     349.9 	 -3007937.646486
     350.0 	 -3029567.148129
     350.1 	 -3051226.103728
     350.2 	 -3072910.801034
     350.3 	 -3094617.392926
     350.4 	 -3116342.032285
     350.5 	 -3138080.871990
     350.6 	 -3159830.064921
     350.7 	 -3181585.763957
     350.8 	 -3203344.121978
     350.9 	 -3225101.291864
     351.0 	 -3246853.426494
     351.1 	 -3268596.542042
     351.2 	 -3290326.107851
     351.3 	 -3312037.456560
     351.4 	 -3333725.920806
     351.5 	 -3355386.833226
     351.6 	 -3377015.526458
     351.7 	 -3398607.333139
     351.8 	 -3420157.585908
     351.9 	 -3441661.617401
     352.0 	 -3463114.760256
     352.1 	 -3484512.244086
     352.2 	 -3505848.886400
     352.3 	 -3527119.401684
     352.4 	 -3548318.504423
     352.5 	 -3569440.909100
     352.6 	 -3590481.330202
     352.7 	 -3611434.482214
     352.8 	 -3632295.079619
     352.9 	 -3653057.836903
     353.0 	 -3673717.468551
     353.1 	 -3694268.589734
     353.2 	 -3714705.418373
     353.3 	 -3735022.073075
     353.4 	 -3755212.672447
     353.5 	 -3775271.335095
     353.6 	 -3795192.179626
     353.7 	 -3814969.324649
     353.8 	 -3834596.888768
     353.9 	 -3854068.990593
     354.0 	 -3873379.748728
     354.1 	 -3892523.255549
     354.2 	 -3911493.498491
     354.3 	 -3930284.438759
     354.4 	 -3948890.037556
     354.5 	 -3967304.256085
     354.6 	 -3985521.055551
     354.7 	 -4003534.397156
     354.8 	 -4021338.242105
     354.9 	 -4038926.551601
     355.0 	 -4056293.286847
     355.1 	 -4073432.494265
     355.2 	 -4090338.561154
     355.3 	 -4107005.960028
     355.4 	 -4123429.163403
     355.5 	 -4139602.643795
     355.6 	 -4155520.873721
     355.7 	 -4171178.325695
     355.8 	 -4186569.472233
     355.9 	 -4201688.785852
     356.0 	 -4216530.739067
     356.1 	 -4231089.660058
     356.2 	 -4245359.299662
     356.3 	 -4259333.264381
     356.4 	 -4273005.160715
     356.5 	 -4286368.595167
     356.6 	 -4299417.174237
     356.7 	 -4312144.504426
     356.8 	 -4324544.192237
     356.9 	 -4336609.844170
     357.0 	 -4348335.066726
     357.1 	 -4359714.450191
     357.2 	 -4370746.519983
     357.3 	 -4381430.785305
     357.4 	 -4391766.755359
     357.5 	 -4401753.939349
     357.6 	 -4411391.846476
     357.7 	 -4420679.985944
     357.8 	 -4429617.866954
     357.9 	 -4438204.998709
     358.0 	 -4446440.890412
     358.1 	 -4454330.230051
     358.2 	 -4461898.420753
     358.3 	 -4469176.044434
     358.4 	 -4476193.683007
     358.5 	 -4482981.918384
     358.6 	 -4489571.332481
     358.7 	 -4495992.507212
     358.8 	 -4502276.024488
     358.9 	 -4508452.466226
     359.0 	 -4514552.414338
     359.1 	 -4520606.450738
     359.2 	 -4526645.157339
     359.3 	 -4532699.116057
     359.4 	 -4538798.908804
     359.5 	 -4544975.117494
     359.6 	 -4551258.324041
     359.7 	 -4557679.110359
     359.8 	 -4564268.058361
     359.9 	 -4571055.749962
     360.0 	 -4578072.767074
