#Angle [deg]        Force [N]   
       0.0 	    -0.000000
       0.1 	 -11998.877576
       0.2 	 -24030.431035
       0.3 	 -36094.135601
       0.4 	 -48189.466495
       0.5 	 -60315.898938
       0.6 	 -72472.908153
       0.7 	 -84659.969363
       0.8 	 -96876.557788
       0.9 	 -109122.148650
       1.0 	 -121396.217173
       1.1 	 -133698.238577
       1.2 	 -146027.688084
       1.3 	 -158384.040918
       1.4 	 -170766.772298
       1.5 	 -183175.357448
       1.6 	 -195609.271590
       1.7 	 -208067.989945
       1.8 	 -220550.987735
       1.9 	 -233057.740182
       2.0 	 -245587.722509
       2.1 	 -258140.377152
       2.2 	 -270715.015412
       2.3 	 -283310.915802
       2.4 	 -295927.356837
       2.5 	 -308563.617033
       2.6 	 -321218.974905
       2.7 	 -333892.708966
       2.8 	 -346584.097732
       2.9 	 -359292.419717
       3.0 	 -372016.953438
       3.1 	 -384756.963611
       3.2 	 -397511.659773
       3.3 	 -410280.237663
       3.4 	 -423061.893020
       3.5 	 -435855.821583
       3.6 	 -448661.219093
       3.7 	 -461477.281287
       3.8 	 -474303.203907
       3.9 	 -487138.182690
       4.0 	 -499981.413376
       4.1 	 -512832.087108
       4.2 	 -525689.376643
       4.3 	 -538552.450139
       4.4 	 -551420.475757
       4.5 	 -564292.621656
       4.6 	 -577168.055996
       4.7 	 -590045.946937
       4.8 	 -602925.462637
       4.9 	 -615805.771258
       5.0 	 -628686.040959
       5.1 	 -641565.438968
       5.2 	 -654443.128792
       5.3 	 -667318.273008
       5.4 	 -680190.034191
       5.5 	 -693057.574918
       5.6 	 -705920.057765
       5.7 	 -718776.645308
       5.8 	 -731626.500122
       5.9 	 -744468.784785
       6.0 	 -757302.661872
       6.1 	 -770127.311717
       6.2 	 -782941.985685
       6.3 	 -795745.952899
       6.4 	 -808538.482482
       6.5 	 -821318.843557
       6.6 	 -834086.305246
       6.7 	 -846840.136672
       6.8 	 -859579.606959
       6.9 	 -872303.985230
       7.0 	 -885012.540606
       7.1 	 -897704.542417
       7.2 	 -910379.260820
       7.3 	 -923035.966177
       7.4 	 -935673.928849
       7.5 	 -948292.419200
       7.6 	 -960890.707591
       7.7 	 -973468.064386
       7.8 	 -986023.759945
       7.9 	 -998557.064633
       8.0 	 -1011067.248810
       8.1 	 -1023553.654128
       8.2 	 -1036015.907387
       8.3 	 -1048453.706678
       8.4 	 -1060866.750090
       8.5 	 -1073254.735713
       8.6 	 -1085617.361637
       8.7 	 -1097954.325950
       8.8 	 -1110265.326743
       8.9 	 -1122550.062104
       9.0 	 -1134808.230125
       9.1 	 -1147038.733966
       9.2 	 -1159237.297082
       9.3 	 -1171398.847999
       9.4 	 -1183518.315244
       9.5 	 -1195590.627341
       9.6 	 -1207610.712819
       9.7 	 -1219573.500203
       9.8 	 -1231473.918020
       9.9 	 -1243306.894796
      10.0 	 -1255067.359057
      10.1 	 -1266749.959935
      10.2 	 -1278348.228988
      10.3 	 -1289855.418376
      10.4 	 -1301264.780263
      10.5 	 -1312569.566810
      10.6 	 -1323763.030180
      10.7 	 -1334838.422536
      10.8 	 -1345788.996038
      10.9 	 -1356608.002850
      11.0 	 -1367288.695134
      11.1 	 -1377825.625506
      11.2 	 -1388218.548396
      11.3 	 -1398468.518689
      11.4 	 -1408576.591269
      11.5 	 -1418543.821022
      11.6 	 -1428371.262830
      11.7 	 -1438059.971580
      11.8 	 -1447611.002154
      11.9 	 -1457025.409439
      12.0 	 -1466304.248318
      12.1 	 -1475448.378131
      12.2 	 -1484457.876044
      12.3 	 -1493332.623676
      12.4 	 -1502072.502647
      12.5 	 -1510677.394578
      12.6 	 -1519147.181089
      12.7 	 -1527481.743800
      12.8 	 -1535680.964332
      12.9 	 -1543744.724305
      13.0 	 -1551672.905339
      13.1 	 -1559465.511549
      13.2 	 -1567123.037032
      13.3 	 -1574646.098378
      13.4 	 -1582035.312179
      13.5 	 -1589291.295026
      13.6 	 -1596414.663509
      13.7 	 -1603406.034220
      13.8 	 -1610266.023750
      13.9 	 -1616995.248690
      14.0 	 -1623594.325630
      14.1 	 -1630063.903115
      14.2 	 -1636404.757499
      14.3 	 -1642617.697087
      14.4 	 -1648703.530186
      14.5 	 -1654663.065103
      14.6 	 -1660497.110142
      14.7 	 -1666206.473612
      14.8 	 -1671791.963817
      14.9 	 -1677254.389065
      15.0 	 -1682594.557662
      15.1 	 -1687813.288178
      15.2 	 -1692911.440243
      15.3 	 -1697889.883750
      15.4 	 -1702749.488594
      15.5 	 -1707491.124667
      15.6 	 -1712115.661865
      15.7 	 -1716623.970080
      15.8 	 -1721016.919207
      15.9 	 -1725295.379139
      16.0 	 -1729460.219770
      16.1 	 -1733512.337055
      16.2 	 -1737452.731196
      16.3 	 -1741282.428455
      16.4 	 -1745002.455095
      16.5 	 -1748613.837380
      16.6 	 -1752117.601570
      16.7 	 -1755514.773931
      16.8 	 -1758806.380724
      16.9 	 -1761993.448212
      17.0 	 -1765077.002657
      17.1 	 -1768058.064324
      17.2 	 -1770937.629478
      17.3 	 -1773716.688385
      17.4 	 -1776396.231312
      17.5 	 -1778977.248524
      17.6 	 -1781460.730289
      17.7 	 -1783847.666873
      17.8 	 -1786139.048542
      17.9 	 -1788335.865562
      18.0 	 -1790439.108200
      18.1 	 -1792449.763339
      18.2 	 -1794368.804336
      18.3 	 -1796197.201162
      18.4 	 -1797935.923792
      18.5 	 -1799585.942198
      18.6 	 -1801148.226353
      18.7 	 -1802623.746230
      18.8 	 -1804013.471802
      18.9 	 -1805318.373043
      19.0 	 -1806539.419925
      19.1 	 -1807677.576578
      19.2 	 -1808733.783762
      19.3 	 -1809708.976391
      19.4 	 -1810604.089382
      19.5 	 -1811420.057650
      19.6 	 -1812157.816110
      19.7 	 -1812818.299680
      19.8 	 -1813402.443273
      19.9 	 -1813911.181807
      20.0 	 -1814345.450196
      20.1 	 -1814706.171430
      20.2 	 -1814994.220788
      20.3 	 -1815210.461624
      20.4 	 -1815355.757290
      20.5 	 -1815430.971141
      20.6 	 -1815436.966529
      20.7 	 -1815374.606807
      20.8 	 -1815244.755329
      20.9 	 -1815048.275448
      21.0 	 -1814786.030516
      21.1 	 -1814458.874410
      21.2 	 -1814067.623099
      21.3 	 -1813613.083073
      21.4 	 -1813096.060825
      21.5 	 -1812517.362846
      21.6 	 -1811877.795627
      21.7 	 -1811178.165660
      21.8 	 -1810419.279436
      21.9 	 -1809601.943447
      22.0 	 -1808726.964185
      22.1 	 -1807795.129925
      22.2 	 -1806807.156089
      22.3 	 -1805763.739883
      22.4 	 -1804665.578512
      22.5 	 -1803513.369183
      22.6 	 -1802307.809100
      22.7 	 -1801049.595471
      22.8 	 -1799739.425501
      22.9 	 -1798377.996396
      23.0 	 -1796966.005362
      23.1 	 -1795504.147578
      23.2 	 -1793993.110120
      23.3 	 -1792433.578037
      23.4 	 -1790826.236376
      23.5 	 -1789171.770188
      23.6 	 -1787470.864520
      23.7 	 -1785724.204421
      23.8 	 -1783932.474941
      23.9 	 -1782096.361127
      24.0 	 -1780216.548029
      24.1 	 -1778293.694127
      24.2 	 -1776328.351623
      24.3 	 -1774321.046151
      24.4 	 -1772272.303346
      24.5 	 -1770182.648842
      24.6 	 -1768052.608272
      24.7 	 -1765882.707271
      24.8 	 -1763673.471472
      24.9 	 -1761425.426509
      25.0 	 -1759139.098018
      25.1 	 -1756815.016962
      25.2 	 -1754453.735633
      25.3 	 -1752055.811653
      25.4 	 -1749621.802645
      25.5 	 -1747152.266231
      25.6 	 -1744647.760032
      25.7 	 -1742108.841673
      25.8 	 -1739536.068774
      25.9 	 -1736929.998958
      26.0 	 -1734291.189848
      26.1 	 -1731620.180522
      26.2 	 -1728917.435891
      26.3 	 -1726183.402318
      26.4 	 -1723418.526171
      26.5 	 -1720623.253814
      26.6 	 -1717798.031614
      26.7 	 -1714943.305937
      26.8 	 -1712059.523148
      26.9 	 -1709147.129612
      27.0 	 -1706206.571697
      27.1 	 -1703238.279503
      27.2 	 -1700242.618077
      27.3 	 -1697219.936203
      27.4 	 -1694170.582661
      27.5 	 -1691094.906236
      27.6 	 -1687993.255709
      27.7 	 -1684865.979863
      27.8 	 -1681713.427482
      27.9 	 -1678535.947347
      28.0 	 -1675333.888241
      28.1 	 -1672107.611340
      28.2 	 -1668857.527394
      28.3 	 -1665584.059546
      28.4 	 -1662287.630940
      28.5 	 -1658968.664719
      28.6 	 -1655627.584025
      28.7 	 -1652264.812003
      28.8 	 -1648880.771796
      28.9 	 -1645475.886546
      29.0 	 -1642050.579396
      29.1 	 -1638605.243758
      29.2 	 -1635140.154106
      29.3 	 -1631655.555182
      29.4 	 -1628151.691729
      29.5 	 -1624628.808489
      29.6 	 -1621087.150203
      29.7 	 -1617526.961614
      29.8 	 -1613948.487464
      29.9 	 -1610351.972494
      30.0 	 -1606737.661448
      30.1 	 -1603105.805722
      30.2 	 -1599456.683333
      30.3 	 -1595790.578951
      30.4 	 -1592107.777248
      30.5 	 -1588408.562894
      30.6 	 -1584693.220561
      30.7 	 -1580962.034921
      30.8 	 -1577215.290644
      30.9 	 -1573453.272401
      31.0 	 -1569676.264864
      31.1 	 -1565884.542340
      31.2 	 -1562078.337681
      31.3 	 -1558257.873374
      31.4 	 -1554423.371909
      31.5 	 -1550575.055773
      31.6 	 -1546713.147455
      31.7 	 -1542837.869442
      31.8 	 -1538949.444223
      31.9 	 -1535048.094285
      32.0 	 -1531134.042118
      32.1 	 -1527207.507786
      32.2 	 -1523268.701671
      32.3 	 -1519317.831728
      32.4 	 -1515355.105917
      32.5 	 -1511380.732194
      32.6 	 -1507394.918517
      32.7 	 -1503397.872843
      32.8 	 -1499389.803131
      32.9 	 -1495370.917337
      33.0 	 -1491341.423420
      33.1 	 -1487301.524199
      33.2 	 -1483251.401941
      33.3 	 -1479191.233777
      33.4 	 -1475121.196836
      33.5 	 -1471041.468248
      33.6 	 -1466952.225142
      33.7 	 -1462853.644649
      33.8 	 -1458745.903898
      33.9 	 -1454629.180019
      34.0 	 -1450503.650142
      34.1 	 -1446369.471677
      34.2 	 -1442226.723163
      34.3 	 -1438075.463420
      34.4 	 -1433915.751268
      34.5 	 -1429747.645525
      34.6 	 -1425571.205012
      34.7 	 -1421386.488549
      34.8 	 -1417193.554954
      34.9 	 -1412992.463049
      35.0 	 -1408783.271652
      35.1 	 -1404566.132220
      35.2 	 -1400341.566756
      35.3 	 -1396110.189899
      35.4 	 -1391872.616291
      35.5 	 -1387629.460570
      35.6 	 -1383381.337377
      35.7 	 -1379128.861351
      35.8 	 -1374872.647132
      35.9 	 -1370613.309361
      36.0 	 -1366351.462676
      36.1 	 -1362087.681066
      36.2 	 -1357822.375909
      36.3 	 -1353555.917931
      36.4 	 -1349288.677859
      36.5 	 -1345021.026419
      36.6 	 -1340753.334337
      36.7 	 -1336485.972339
      36.8 	 -1332219.311151
      36.9 	 -1327953.721501
      37.0 	 -1323689.574113
      37.1 	 -1319427.178652
      37.2 	 -1315166.600528
      37.3 	 -1310907.844092
      37.4 	 -1306650.913692
      37.5 	 -1302395.813677
      37.6 	 -1298142.548397
      37.7 	 -1293891.122199
      37.8 	 -1289641.539433
      37.9 	 -1285393.804449
      38.0 	 -1281147.921594
      38.1 	 -1276903.866159
      38.2 	 -1272661.497197
      38.3 	 -1268420.644703
      38.4 	 -1264181.138670
      38.5 	 -1259942.809092
      38.6 	 -1255705.485964
      38.7 	 -1251468.999280
      38.8 	 -1247233.179035
      38.9 	 -1242997.855221
      39.0 	 -1238762.857834
      39.1 	 -1234528.263001
      39.2 	 -1230295.131386
      39.3 	 -1226064.769788
      39.4 	 -1221838.485005
      39.5 	 -1217617.583833
      39.6 	 -1213403.373072
      39.7 	 -1209197.159518
      39.8 	 -1205000.249971
      39.9 	 -1200813.951228
      40.0 	 -1196639.570086
      40.1 	 -1192478.243392
      40.2 	 -1188330.428182
      40.3 	 -1184196.411539
      40.4 	 -1180076.480548
      40.5 	 -1175970.922293
      40.6 	 -1171880.023858
      40.7 	 -1167804.072326
      40.8 	 -1163743.354782
      40.9 	 -1159698.158310
      41.0 	 -1155668.769994
      41.1 	 -1151655.399060
      41.2 	 -1147657.943306
      41.3 	 -1143676.222672
      41.4 	 -1139710.057098
      41.5 	 -1135759.266525
      41.6 	 -1131823.670892
      41.7 	 -1127903.090140
      41.8 	 -1123997.344209
      41.9 	 -1120106.253039
      42.0 	 -1116229.636570
      42.1 	 -1112367.347002
      42.2 	 -1108519.365576
      42.3 	 -1104685.705792
      42.4 	 -1100866.381150
      42.5 	 -1097061.405150
      42.6 	 -1093270.791294
      42.7 	 -1089494.553080
      42.8 	 -1085732.704011
      42.9 	 -1081985.257584
      43.0 	 -1078252.227302
      43.1 	 -1074533.610208
      43.2 	 -1070829.337516
      43.3 	 -1067139.323985
      43.4 	 -1063463.484374
      43.5 	 -1059801.733442
      43.6 	 -1056153.985946
      43.7 	 -1052520.156645
      43.8 	 -1048900.160298
      43.9 	 -1045293.911663
      44.0 	 -1041701.325499
      44.1 	 -1038122.321423
      44.2 	 -1034556.838486
      44.3 	 -1031004.820601
      44.4 	 -1027466.211678
      44.5 	 -1023940.955628
      44.6 	 -1020428.996362
      44.7 	 -1016930.277792
      44.8 	 -1013444.743827
      44.9 	 -1009972.338379
      45.0 	 -1006513.005360
      45.1 	 -1003066.694874
      45.2 	 -999633.381803
      45.3 	 -996213.047226
      45.4 	 -992805.672217
      45.5 	 -989411.237854
      45.6 	 -986029.725214
      45.7 	 -982661.115373
      45.8 	 -979305.389408
      45.9 	 -975962.528395
      46.0 	 -972632.513412
      46.1 	 -969315.311256
      46.2 	 -966010.831612
      46.3 	 -962718.969884
      46.4 	 -959439.621479
      46.5 	 -956172.681802
      46.6 	 -952918.046258
      46.7 	 -949675.610252
      46.8 	 -946445.269191
      46.9 	 -943226.918480
      47.0 	 -940020.453523
      47.1 	 -936825.786328
      47.2 	 -933642.895304
      47.3 	 -930471.775461
      47.4 	 -927312.421808
      47.5 	 -924164.829356
      47.6 	 -921028.993116
      47.7 	 -917904.908096
      47.8 	 -914792.569308
      47.9 	 -911691.971761
      48.0 	 -908603.110466
      48.1 	 -905525.969737
      48.2 	 -902460.491111
      48.3 	 -899406.605429
      48.4 	 -896364.243533
      48.5 	 -893333.336264
      48.6 	 -890313.814462
      48.7 	 -887305.608971
      48.8 	 -884308.650629
      48.9 	 -881322.870280
      49.0 	 -878348.198765
      49.1 	 -875384.571728
      49.2 	 -872431.944034
      49.3 	 -869490.275349
      49.4 	 -866559.525342
      49.5 	 -863639.653679
      49.6 	 -860730.620028
      49.7 	 -857832.384057
      49.8 	 -854944.905433
      49.9 	 -852068.143824
      50.0 	 -849202.058896
      50.1 	 -846346.607882
      50.2 	 -843501.738271
      50.3 	 -840667.395114
      50.4 	 -837843.523464
      50.5 	 -835030.068375
      50.6 	 -832226.974898
      50.7 	 -829434.188087
      50.8 	 -826651.652993
      50.9 	 -823879.314670
      51.0 	 -821117.118171
      51.1 	 -818365.012841
      51.2 	 -815622.965202
      51.3 	 -812890.946069
      51.4 	 -810168.926257
      51.5 	 -807456.876580
      51.6 	 -804754.767853
      51.7 	 -802062.570893
      51.8 	 -799380.256512
      51.9 	 -796707.795527
      52.0 	 -794045.158752
      52.1 	 -791392.314521
      52.2 	 -788749.221243
      52.3 	 -786115.834845
      52.4 	 -783492.111254
      52.5 	 -780878.006400
      52.6 	 -778273.476208
      52.7 	 -775678.476607
      52.8 	 -773092.963524
      52.9 	 -770516.892887
      53.0 	 -767950.220623
      53.1 	 -765392.906693
      53.2 	 -762844.927185
      53.3 	 -760306.262221
      53.4 	 -757776.891923
      53.5 	 -755256.796412
      53.6 	 -752745.955810
      53.7 	 -750244.350239
      53.8 	 -747751.959819
      53.9 	 -745268.764673
      54.0 	 -742794.744923
      54.1 	 -740329.868485
      54.2 	 -737874.054465
      54.3 	 -735427.209762
      54.4 	 -732989.241277
      54.5 	 -730560.055910
      54.6 	 -728139.560562
      54.7 	 -725727.662132
      54.8 	 -723324.267522
      54.9 	 -720929.283631
      55.0 	 -718542.617360
      55.1 	 -716164.196787
      55.2 	 -713794.034701
      55.3 	 -711432.165070
      55.4 	 -709078.621860
      55.5 	 -706733.439040
      55.6 	 -704396.650575
      55.7 	 -702068.290434
      55.8 	 -699748.392584
      55.9 	 -697436.990992
      56.0 	 -695134.119624
      56.1 	 -692839.791974
      56.2 	 -690553.939632
      56.3 	 -688276.473717
      56.4 	 -686007.305344
      56.5 	 -683746.345630
      56.6 	 -681493.505692
      56.7 	 -679248.696646
      56.8 	 -677011.829610
      56.9 	 -674782.815700
      57.0 	 -672561.566033
      57.1 	 -670348.005928
      57.2 	 -668142.117509
      57.3 	 -665943.897103
      57.4 	 -663753.341037
      57.5 	 -661570.445638
      57.6 	 -659395.207234
      57.7 	 -657227.622150
      57.8 	 -655067.686713
      57.9 	 -652915.397251
      58.0 	 -650770.750090
      58.1 	 -648633.737118
      58.2 	 -646504.332468
      58.3 	 -644382.505833
      58.4 	 -642268.226907
      58.5 	 -640161.465383
      58.6 	 -638062.190955
      58.7 	 -635970.373316
      58.8 	 -633885.982160
      58.9 	 -631808.987180
      59.0 	 -629739.358070
      59.1 	 -627677.061430
      59.2 	 -625622.051483
      59.3 	 -623574.279359
      59.4 	 -621533.696187
      59.5 	 -619500.253097
      59.6 	 -617473.901219
      59.7 	 -615454.591682
      59.8 	 -613442.275617
      59.9 	 -611436.904152
      60.0 	 -609438.428418
      60.1 	 -607446.803792
      60.2 	 -605462.002646
      60.3 	 -603484.001601
      60.4 	 -601512.777277
      60.5 	 -599548.306294
      60.6 	 -597590.565273
      60.7 	 -595639.530832
      60.8 	 -593695.179594
      60.9 	 -591757.488178
      61.0 	 -589826.433204
      61.1 	 -587901.996425
      61.2 	 -585984.180122
      61.3 	 -584072.991707
      61.4 	 -582168.438594
      61.5 	 -580270.528196
      61.6 	 -578379.267925
      61.7 	 -576494.665196
      61.8 	 -574616.727420
      61.9 	 -572745.462011
      62.0 	 -570880.876382
      62.1 	 -569022.965231
      62.2 	 -567171.672392
      62.3 	 -565326.928987
      62.4 	 -563488.666136
      62.5 	 -561656.814958
      62.6 	 -559831.306573
      62.7 	 -558012.072103
      62.8 	 -556199.042666
      62.9 	 -554392.149384
      63.0 	 -552591.323376
      63.1 	 -550796.505995
      63.2 	 -549007.679525
      63.3 	 -547224.836480
      63.4 	 -545447.969377
      63.5 	 -543677.070732
      63.6 	 -541912.133059
      63.7 	 -540153.148876
      63.8 	 -538400.110698
      63.9 	 -536653.011040
      64.0 	 -534911.842418
      64.1 	 -533176.595725
      64.2 	 -531447.255358
      64.3 	 -529723.804092
      64.4 	 -528006.224701
      64.5 	 -526294.499958
      64.6 	 -524588.612639
      64.7 	 -522888.545517
      64.8 	 -521194.281367
      64.9 	 -519505.802963
      65.0 	 -517823.093079
      65.1 	 -516146.135086
      65.2 	 -514474.914733
      65.3 	 -512809.418369
      65.4 	 -511149.632341
      65.5 	 -509495.542995
      65.6 	 -507847.136678
      65.7 	 -506204.399738
      65.8 	 -504567.318520
      65.9 	 -502935.879374
      66.0 	 -501310.068644
      66.1 	 -499689.863113
      66.2 	 -498075.201297
      66.3 	 -496466.012149
      66.4 	 -494862.224619
      66.5 	 -493263.767660
      66.6 	 -491670.570222
      66.7 	 -490082.561257
      66.8 	 -488499.669717
      66.9 	 -486921.824554
      67.0 	 -485348.954718
      67.1 	 -483781.007279
      67.2 	 -482218.001775
      67.3 	 -480659.975861
      67.4 	 -479106.967195
      67.5 	 -477559.013431
      67.6 	 -476016.152225
      67.7 	 -474478.421234
      67.8 	 -472945.858112
      67.9 	 -471418.500517
      68.0 	 -469896.386103
      68.1 	 -468379.542749
      68.2 	 -466867.959227
      68.3 	 -465361.614529
      68.4 	 -463860.487649
      68.5 	 -462364.557580
      68.6 	 -460873.803316
      68.7 	 -459388.203850
      68.8 	 -457907.738176
      68.9 	 -456432.385286
      69.0 	 -454962.124176
      69.1 	 -453496.924015
      69.2 	 -452036.714688
      69.3 	 -450581.416255
      69.4 	 -449130.948780
      69.5 	 -447685.232322
      69.6 	 -446244.186945
      69.7 	 -444807.732708
      69.8 	 -443375.789674
      69.9 	 -441948.277904
      70.0 	 -440525.117461
      70.1 	 -439106.256151
      70.2 	 -437691.752773
      70.3 	 -436281.693870
      70.4 	 -434876.165986
      70.5 	 -433475.255664
      70.6 	 -432079.049449
      70.7 	 -430687.633885
      70.8 	 -429301.095514
      70.9 	 -427919.520882
      71.0 	 -426542.996532
      71.1 	 -425171.572524
      71.2 	 -423805.152988
      71.3 	 -422443.605568
      71.4 	 -421086.797911
      71.5 	 -419734.597661
      71.6 	 -418386.872463
      71.7 	 -417043.489964
      71.8 	 -415704.317809
      71.9 	 -414369.223644
      72.0 	 -413038.075112
      72.1 	 -411710.773897
      72.2 	 -410387.357819
      72.3 	 -409067.898737
      72.4 	 -407752.468510
      72.5 	 -406441.138994
      72.6 	 -405133.982048
      72.7 	 -403831.069530
      72.8 	 -402532.473297
      72.9 	 -401238.265208
      73.0 	 -399948.517121
      73.1 	 -398663.278232
      73.2 	 -397382.507092
      73.3 	 -396106.139588
      73.4 	 -394834.111610
      73.5 	 -393566.359047
      73.6 	 -392302.817786
      73.7 	 -391043.423717
      73.8 	 -389788.112729
      73.9 	 -388536.820710
      74.0 	 -387289.483549
      74.1 	 -386046.049131
      74.2 	 -384806.513333
      74.3 	 -383570.884027
      74.4 	 -382339.169085
      74.5 	 -381111.376381
      74.6 	 -379887.513787
      74.7 	 -378667.589175
      74.8 	 -377451.610419
      74.9 	 -376239.585391
      75.0 	 -375031.521963
      75.1 	 -373827.425696
      75.2 	 -372627.292898
      75.3 	 -371431.117566
      75.4 	 -370238.893694
      75.5 	 -369050.615279
      75.6 	 -367866.276316
      75.7 	 -366685.870801
      75.8 	 -365509.392731
      75.9 	 -364336.836100
      76.0 	 -363168.194905
      76.1 	 -362003.456468
      76.2 	 -360842.581420
      76.3 	 -359685.523719
      76.4 	 -358532.237321
      76.5 	 -357382.676184
      76.6 	 -356236.794265
      76.7 	 -355094.545522
      76.8 	 -353955.883913
      76.9 	 -352820.763394
      77.0 	 -351689.137923
      77.1 	 -350560.974011
      77.2 	 -349436.288385
      77.3 	 -348315.110324
      77.4 	 -347197.469109
      77.5 	 -346083.394021
      77.6 	 -344972.914339
      77.7 	 -343866.059344
      77.8 	 -342762.858315
      77.9 	 -341663.340534
      78.0 	 -340567.535280
      78.1 	 -339475.459777
      78.2 	 -338387.083026
      78.3 	 -337302.361969
      78.4 	 -336221.253551
      78.5 	 -335143.714715
      78.6 	 -334069.702404
      78.7 	 -332999.173563
      78.8 	 -331932.085134
      78.9 	 -330868.394062
      79.0 	 -329808.057290
      79.1 	 -328751.035400
      79.2 	 -327697.303522
      79.3 	 -326646.840426
      79.4 	 -325599.624881
      79.5 	 -324555.635656
      79.6 	 -323514.851520
      79.7 	 -322477.251241
      79.8 	 -321442.813589
      79.9 	 -320411.517334
      80.0 	 -319383.341243
      80.1 	 -318358.275757
      80.2 	 -317336.358000
      80.3 	 -316317.636769
      80.4 	 -315302.160857
      80.5 	 -314289.979060
      80.6 	 -313281.140174
      80.7 	 -312275.692994
      80.8 	 -311273.686315
      80.9 	 -310275.168933
      81.0 	 -309280.189643
      81.1 	 -308288.776442
      81.2 	 -307300.874127
      81.3 	 -306316.406700
      81.4 	 -305335.298160
      81.5 	 -304357.472508
      81.6 	 -303382.853742
      81.7 	 -302411.365864
      81.8 	 -301442.932874
      81.9 	 -300477.478770
      82.0 	 -299514.927554
      82.1 	 -298555.219534
      82.2 	 -297598.360259
      82.3 	 -296644.371586
      82.4 	 -295693.275372
      82.5 	 -294745.093475
      82.6 	 -293799.847751
      82.7 	 -292857.560058
      82.8 	 -291918.252254
      82.9 	 -290981.946196
      83.0 	 -290048.663740
      83.1 	 -289118.419654
      83.2 	 -288191.200343
      83.3 	 -287266.985121
      83.4 	 -286345.753302
      83.5 	 -285427.484201
      83.6 	 -284512.157131
      83.7 	 -283599.751408
      83.8 	 -282690.246344
      83.9 	 -281783.621256
      84.0 	 -280879.855456
      84.1 	 -279978.930396
      84.2 	 -279080.836074
      84.3 	 -278185.564626
      84.4 	 -277293.108187
      84.5 	 -276403.458892
      84.6 	 -275516.608875
      84.7 	 -274632.550273
      84.8 	 -273751.275220
      84.9 	 -272872.775851
      85.0 	 -271997.044303
      85.1 	 -271124.076918
      85.2 	 -270253.886879
      85.3 	 -269386.491578
      85.4 	 -268521.908405
      85.5 	 -267660.154751
      85.6 	 -266801.248009
      85.7 	 -265945.205568
      85.8 	 -265092.044820
      85.9 	 -264241.783157
      86.0 	 -263394.437969
      86.1 	 -262550.012947
      86.2 	 -261708.456979
      86.3 	 -260869.705250
      86.4 	 -260033.692948
      86.5 	 -259200.355258
      86.6 	 -258369.627368
      86.7 	 -257541.444464
      86.8 	 -256715.741732
      86.9 	 -255892.454359
      87.0 	 -255071.517532
      87.1 	 -254252.886105
      87.2 	 -253436.593609
      87.3 	 -252622.693243
      87.4 	 -251811.238206
      87.5 	 -251002.281695
      87.6 	 -250195.876911
      87.7 	 -249392.077052
      87.8 	 -248590.935317
      87.9 	 -247792.504905
      88.0 	 -246996.839014
      88.1 	 -246203.972180
      88.2 	 -245413.864283
      88.3 	 -244626.456540
      88.4 	 -243841.690169
      88.5 	 -243059.506385
      88.6 	 -242279.846407
      88.7 	 -241502.651450
      88.8 	 -240727.862732
      88.9 	 -239955.421470
      89.0 	 -239185.268881
      89.1 	 -238417.358559
      89.2 	 -237651.693612
      89.3 	 -236888.289524
      89.4 	 -236127.161782
      89.5 	 -235368.325870
      89.6 	 -234611.797274
      89.7 	 -233857.591478
      89.8 	 -233105.723969
      89.9 	 -232356.210230
      90.0 	 -231609.065747
      90.1 	 -230864.303600
      90.2 	 -230121.927245
      90.3 	 -229381.937730
      90.4 	 -228644.336106
      90.5 	 -227909.123423
      90.6 	 -227176.300731
      90.7 	 -226445.869078
      90.8 	 -225717.829516
      90.9 	 -224992.183094
      91.0 	 -224268.930862
      91.1 	 -223548.072222
      91.2 	 -222829.599993
      91.3 	 -222113.505346
      91.4 	 -221399.779451
      91.5 	 -220688.413478
      91.6 	 -219979.398600
      91.7 	 -219272.725987
      91.8 	 -218568.386809
      91.9 	 -217866.372238
      92.0 	 -217166.673445
      92.1 	 -216469.278544
      92.2 	 -215774.163429
      92.3 	 -215081.300937
      92.4 	 -214390.663906
      92.5 	 -213702.225172
      92.6 	 -213015.957572
      92.7 	 -212331.833946
      92.8 	 -211649.827128
      92.9 	 -210969.909957
      93.0 	 -210292.055271
      93.1 	 -209616.240378
      93.2 	 -208942.460476
      93.3 	 -208270.715236
      93.4 	 -207601.004329
      93.5 	 -206933.327423
      93.6 	 -206267.684190
      93.7 	 -205604.074299
      93.8 	 -204942.497421
      93.9 	 -204282.953227
      94.0 	 -203625.441385
      94.1 	 -202969.961053
      94.2 	 -202316.509334
      94.3 	 -201665.082817
      94.4 	 -201015.678090
      94.5 	 -200368.291743
      94.6 	 -199722.920365
      94.7 	 -199079.560545
      94.8 	 -198438.208873
      94.9 	 -197798.861936
      95.0 	 -197161.516326
      95.1 	 -196526.173336
      95.2 	 -195892.853089
      95.3 	 -195261.580415
      95.4 	 -194632.380141
      95.5 	 -194005.277096
      95.6 	 -193380.296109
      95.7 	 -192757.462008
      95.8 	 -192136.799623
      95.9 	 -191518.333782
      96.0 	 -190902.089313
      96.1 	 -190288.077809
      96.2 	 -189676.257921
      96.3 	 -189066.575061
      96.4 	 -188458.974644
      96.5 	 -187853.402083
      96.6 	 -187249.802793
      96.7 	 -186648.122186
      96.8 	 -186048.305677
      96.9 	 -185450.298679
      97.0 	 -184854.046606
      97.1 	 -184259.504933
      97.2 	 -183666.669377
      97.3 	 -183075.545715
      97.4 	 -182486.139727
      97.5 	 -181898.457190
      97.6 	 -181312.503882
      97.7 	 -180728.285582
      97.8 	 -180145.808066
      97.9 	 -179565.077114
      98.0 	 -178986.098503
      98.1 	 -178408.881200
      98.2 	 -177833.446926
      98.3 	 -177259.820593
      98.4 	 -176688.027111
      98.5 	 -176118.091389
      98.6 	 -175550.038338
      98.7 	 -174983.892869
      98.8 	 -174419.679892
      98.9 	 -173857.424318
      99.0 	 -173297.151056
      99.1 	 -172738.871122
      99.2 	 -172182.539946
      99.3 	 -171628.099066
      99.4 	 -171075.490018
      99.5 	 -170524.654336
      99.6 	 -169975.533558
      99.7 	 -169428.069219
      99.8 	 -168882.202855
      99.9 	 -168337.876003
     100.0 	 -167795.030197
     100.1 	 -167253.625724
     100.2 	 -166713.697859
     100.3 	 -166175.300629
     100.4 	 -165638.488060
     100.5 	 -165103.314177
     100.6 	 -164569.833007
     100.7 	 -164038.098574
     100.8 	 -163508.164905
     100.9 	 -162980.086026
     101.0 	 -162453.915962
     101.1 	 -161929.690909
     101.2 	 -161407.375740
     101.3 	 -160886.917498
     101.4 	 -160368.263228
     101.5 	 -159851.359971
     101.6 	 -159336.154772
     101.7 	 -158822.594672
     101.8 	 -158310.626717
     101.9 	 -157800.197948
     102.0 	 -157291.255410
     102.1 	 -156783.758354
     102.2 	 -156277.714872
     102.3 	 -155773.145264
     102.4 	 -155270.069832
     102.5 	 -154768.508875
     102.6 	 -154268.482694
     102.7 	 -153770.011590
     102.8 	 -153273.115863
     102.9 	 -152777.815814
     103.0 	 -152284.131743
     103.1 	 -151792.079690
     103.2 	 -151301.658643
     103.3 	 -150812.863329
     103.4 	 -150325.688477
     103.5 	 -149840.128813
     103.6 	 -149356.179066
     103.7 	 -148873.833961
     103.8 	 -148393.088227
     103.9 	 -147913.936591
     104.0 	 -147436.373780
     104.1 	 -146960.391156
     104.2 	 -146485.966620
     104.3 	 -146013.074708
     104.4 	 -145541.689953
     104.5 	 -145071.786893
     104.6 	 -144603.340061
     104.7 	 -144136.323993
     104.8 	 -143670.713225
     104.9 	 -143206.482292
     105.0 	 -142743.605728
     105.1 	 -142282.063494
     105.2 	 -141821.857242
     105.3 	 -141362.994050
     105.4 	 -140905.480996
     105.5 	 -140449.325157
     105.6 	 -139994.533611
     105.7 	 -139541.113435
     105.8 	 -139089.071707
     105.9 	 -138638.415504
     106.0 	 -138189.151904
     106.1 	 -137741.289710
     106.2 	 -137294.844631
     106.3 	 -136849.834103
     106.4 	 -136406.275559
     106.5 	 -135964.186434
     106.6 	 -135523.584164
     106.7 	 -135084.486183
     106.8 	 -134646.909926
     106.9 	 -134210.872827
     107.0 	 -133776.392323
     107.1 	 -133343.478090
     107.2 	 -132912.108781
     107.3 	 -132482.255294
     107.4 	 -132053.888523
     107.5 	 -131626.979365
     107.6 	 -131201.498717
     107.7 	 -130777.417475
     107.8 	 -130354.706534
     107.9 	 -129933.336791
     108.0 	 -129513.279142
     108.1 	 -129094.509575
     108.2 	 -128677.024450
     108.3 	 -128260.825217
     108.4 	 -127845.913327
     108.5 	 -127432.290230
     108.6 	 -127019.957377
     108.7 	 -126608.916219
     108.8 	 -126199.168207
     108.9 	 -125790.714792
     109.0 	 -125383.557424
     109.1 	 -124977.692823
     109.2 	 -124573.098783
     109.3 	 -124169.748368
     109.4 	 -123767.614641
     109.5 	 -123366.670665
     109.6 	 -122966.889503
     109.7 	 -122568.244218
     109.8 	 -122170.707875
     109.9 	 -121774.253536
     110.0 	 -121378.854263
     110.1 	 -120984.494065
     110.2 	 -120591.200721
     110.3 	 -120199.012956
     110.4 	 -119807.969493
     110.5 	 -119418.109057
     110.6 	 -119029.470371
     110.7 	 -118642.092160
     110.8 	 -118256.013147
     110.9 	 -117871.272056
     111.0 	 -117487.907612
     111.1 	 -117105.949425
     111.2 	 -116725.390653
     111.3 	 -116346.215339
     111.4 	 -115968.407529
     111.5 	 -115591.951265
     111.6 	 -115216.830593
     111.7 	 -114843.029557
     111.8 	 -114470.532200
     111.9 	 -114099.322566
     112.0 	 -113729.384701
     112.1 	 -113360.699870
     112.2 	 -112993.238223
     112.3 	 -112626.967133
     112.4 	 -112261.853973
     112.5 	 -111897.866116
     112.6 	 -111534.970933
     112.7 	 -111173.135798
     112.8 	 -110812.328083
     112.9 	 -110452.515161
     113.0 	 -110093.664403
     113.1 	 -109735.753972
     113.2 	 -109378.805185
     113.3 	 -109022.850147
     113.4 	 -108667.920966
     113.5 	 -108314.049746
     113.6 	 -107961.268594
     113.7 	 -107609.609616
     113.8 	 -107259.104918
     113.9 	 -106909.786607
     114.0 	 -106561.686787
     114.1 	 -106214.825842
     114.2 	 -105869.177257
     114.3 	 -105524.702793
     114.4 	 -105181.364213
     114.5 	 -104839.123277
     114.6 	 -104497.941748
     114.7 	 -104157.781388
     114.8 	 -103818.603957
     114.9 	 -103480.371218
     115.0 	 -103143.044932
     115.1 	 -102806.597990
     115.2 	 -102471.047797
     115.3 	 -102136.422890
     115.4 	 -101802.751802
     115.5 	 -101470.063069
     115.6 	 -101138.385226
     115.7 	 -100807.746807
     115.8 	 -100478.176347
     115.9 	 -100149.702382
     116.0 	 -99822.353447
     116.1 	 -99496.156798
     116.2 	 -99171.134585
     116.3 	 -98847.307678
     116.4 	 -98524.696947
     116.5 	 -98203.323264
     116.6 	 -97883.207500
     116.7 	 -97564.370525
     116.8 	 -97246.833211
     116.9 	 -96930.616427
     117.0 	 -96615.741045
     117.1 	 -96302.207976
     117.2 	 -95989.938289
     117.3 	 -95678.833092
     117.4 	 -95368.793495
     117.5 	 -95059.720608
     117.6 	 -94751.515538
     117.7 	 -94444.079396
     117.8 	 -94137.313290
     117.9 	 -93831.118329
     118.0 	 -93525.395622
     118.1 	 -93219.971327
     118.2 	 -92914.371797
     118.3 	 -92608.048433
     118.4 	 -92300.452637
     118.5 	 -91991.035808
     118.6 	 -91679.249350
     118.7 	 -91364.544662
     118.8 	 -91046.373146
     118.9 	 -90724.186204
     119.0 	 -90397.435236
     119.1 	 -90065.702298
     119.2 	 -89729.092053
     119.3 	 -89387.839822
     119.4 	 -89042.180921
     119.5 	 -88692.350669
     119.6 	 -88338.584385
     119.7 	 -87981.117387
     119.8 	 -87620.184993
     119.9 	 -87256.022522
     120.0 	 -86888.865291
     120.1 	 -86518.881485
     120.2 	 -86145.970749
     120.3 	 -85769.965592
     120.4 	 -85390.698525
     120.5 	 -85008.002059
     120.6 	 -84621.708704
     120.7 	 -84231.650970
     120.8 	 -83837.661367
     120.9 	 -83439.572407
     121.0 	 -83037.216598
     121.1 	 -82630.486246
     121.2 	 -82219.512837
     121.3 	 -81804.487647
     121.4 	 -81385.601958
     121.5 	 -80963.047048
     121.6 	 -80537.014196
     121.7 	 -80107.694681
     121.8 	 -79675.279783
     121.9 	 -79239.960780
     122.0 	 -78801.928952
     122.1 	 -78361.358691
     122.2 	 -77918.356846
     122.3 	 -77473.013377
     122.4 	 -77025.418245
     122.5 	 -76575.661411
     122.6 	 -76123.832837
     122.7 	 -75670.022484
     122.8 	 -75214.320313
     122.9 	 -74756.816284
     123.0 	 -74297.600360
     123.1 	 -73836.763772
     123.2 	 -73374.402836
     123.3 	 -72910.615140
     123.4 	 -72445.498271
     123.5 	 -71979.149815
     123.6 	 -71511.667361
     123.7 	 -71043.148494
     123.8 	 -70573.690803
     123.9 	 -70103.391874
     124.0 	 -69632.349294
     124.1 	 -69160.660743
     124.2 	 -68688.424264
     124.3 	 -68215.737994
     124.4 	 -67742.700068
     124.5 	 -67269.408624
     124.6 	 -66795.961797
     124.7 	 -66322.457723
     124.8 	 -65848.994538
     124.9 	 -65375.670378
     125.0 	 -64902.583380
     125.1 	 -64429.829326
     125.2 	 -63957.494593
     125.3 	 -63485.663203
     125.4 	 -63014.419178
     125.5 	 -62543.846541
     125.6 	 -62074.029314
     125.7 	 -61605.051521
     125.8 	 -61136.997184
     125.9 	 -60669.950325
     126.0 	 -60203.994967
     126.1 	 -59739.210032
     126.2 	 -59275.654043
     126.3 	 -58813.380421
     126.4 	 -58352.442587
     126.5 	 -57892.893962
     126.6 	 -57434.787969
     126.7 	 -56978.178029
     126.8 	 -56523.117563
     126.9 	 -56069.659994
     127.0 	 -55617.858741
     127.1 	 -55167.765227
     127.2 	 -54719.422866
     127.3 	 -54272.873075
     127.4 	 -53828.157267
     127.5 	 -53385.316858
     127.6 	 -52944.393263
     127.7 	 -52505.427897
     127.8 	 -52068.462174
     127.9 	 -51633.537511
     128.0 	 -51200.695321
     128.1 	 -50769.974738
     128.2 	 -50341.405775
     128.3 	 -49915.016160
     128.4 	 -49490.833623
     128.5 	 -49068.885895
     128.6 	 -48649.200706
     128.7 	 -48231.805785
     128.8 	 -47816.728863
     128.9 	 -47403.997669
     129.0 	 -46993.639933
     129.1 	 -46585.683627
     129.2 	 -46180.157686
     129.3 	 -45777.091285
     129.4 	 -45376.513602
     129.5 	 -44978.453812
     129.6 	 -44582.941092
     129.7 	 -44190.004618
     129.8 	 -43799.673566
     129.9 	 -43411.977113
     130.0 	 -43026.944434
     130.1 	 -42644.598240
     130.2 	 -42264.935369
     130.3 	 -41887.946195
     130.4 	 -41513.621092
     130.5 	 -41141.950431
     130.6 	 -40772.924585
     130.7 	 -40406.533929
     130.8 	 -40042.768834
     130.9 	 -39681.619673
     131.0 	 -39323.076821
     131.1 	 -38967.131550
     131.2 	 -38613.778743
     131.3 	 -38263.014185
     131.4 	 -37914.833659
     131.5 	 -37569.232949
     131.6 	 -37226.207838
     131.7 	 -36885.754112
     131.8 	 -36547.867552
     131.9 	 -36212.543945
     132.0 	 -35879.779072
     132.1 	 -35549.571327
     132.2 	 -35221.929529
     132.3 	 -34896.865108
     132.4 	 -34574.389492
     132.5 	 -34254.514111
     132.6 	 -33937.250392
     132.7 	 -33622.609765
     132.8 	 -33310.603659
     132.9 	 -33001.243501
     133.0 	 -32694.540721
     133.1 	 -32390.501979
     133.2 	 -32089.114865
     133.3 	 -31790.362198
     133.4 	 -31494.226799
     133.5 	 -31200.691488
     133.6 	 -30909.739087
     133.7 	 -30621.352415
     133.8 	 -30335.514293
     133.9 	 -30052.207542
     134.0 	 -29771.414981
     134.1 	 -29493.118647
     134.2 	 -29217.297428
     134.3 	 -28943.929429
     134.4 	 -28672.992754
     134.5 	 -28404.465509
     134.6 	 -28138.325796
     134.7 	 -27874.551720
     134.8 	 -27613.121386
     134.9 	 -27354.012898
     135.0 	 -27097.204360
     135.1 	 -26842.675351
     135.2 	 -26590.411349
     135.3 	 -26340.399307
     135.4 	 -26092.626177
     135.5 	 -25847.078911
     135.6 	 -25603.744464
     135.7 	 -25362.609787
     135.8 	 -25123.661832
     135.9 	 -24886.887553
     136.0 	 -24652.273902
     136.1 	 -24419.808413
     136.2 	 -24189.480946
     136.3 	 -23961.281939
     136.4 	 -23735.201834
     136.5 	 -23511.231071
     136.6 	 -23289.360090
     136.7 	 -23069.579331
     136.8 	 -22851.879235
     136.9 	 -22636.250241
     137.0 	 -22422.682791
     137.1 	 -22211.164141
     137.2 	 -22001.668819
     137.3 	 -21794.168168
     137.4 	 -21588.633532
     137.5 	 -21385.036256
     137.6 	 -21183.347683
     137.7 	 -20983.539158
     137.8 	 -20785.582024
     137.9 	 -20589.447626
     138.0 	 -20395.107307
     138.1 	 -20202.537928
     138.2 	 -20011.738411
     138.3 	 -19822.713194
     138.4 	 -19635.466717
     138.5 	 -19450.003416
     138.6 	 -19266.327732
     138.7 	 -19084.444102
     138.8 	 -18904.356965
     138.9 	 -18726.070759
     139.0 	 -18549.589923
     139.1 	 -18374.911151
     139.2 	 -18202.000158
     139.3 	 -18030.814918
     139.4 	 -17861.313402
     139.5 	 -17693.453582
     139.6 	 -17527.193429
     139.7 	 -17362.490916
     139.8 	 -17199.304014
     139.9 	 -17037.590696
     140.0 	 -16877.308934
     140.1 	 -16718.426424
     140.2 	 -16560.949769
     140.3 	 -16404.895297
     140.4 	 -16250.279335
     140.5 	 -16097.118211
     140.6 	 -15945.428252
     140.7 	 -15795.225786
     140.8 	 -15646.527140
     140.9 	 -15499.348643
     141.0 	 -15353.706621
     141.1 	 -15209.609063
     141.2 	 -15067.030590
     141.3 	 -14925.937488
     141.4 	 -14786.296037
     141.5 	 -14648.072523
     141.6 	 -14511.233227
     141.7 	 -14375.744433
     141.8 	 -14241.572423
     141.9 	 -14108.683481
     142.0 	 -13977.043891
     142.1 	 -13846.624034
     142.2 	 -13717.410696
     142.3 	 -13589.394762
     142.4 	 -13462.567116
     142.5 	 -13336.918645
     142.6 	 -13212.440232
     142.7 	 -13089.122762
     142.8 	 -12966.957122
     142.9 	 -12845.934195
     143.0 	 -12726.044866
     143.1 	 -12607.280810
     143.2 	 -12489.636858
     143.3 	 -12373.108630
     143.4 	 -12257.691747
     143.5 	 -12143.381829
     143.6 	 -12030.174496
     143.7 	 -11918.065369
     143.8 	 -11807.050068
     143.9 	 -11697.124214
     144.0 	 -11588.283427
     144.1 	 -11480.522380
     144.2 	 -11373.831965
     144.3 	 -11268.202126
     144.4 	 -11163.622807
     144.5 	 -11060.083952
     144.6 	 -10957.575505
     144.7 	 -10856.087411
     144.8 	 -10755.609614
     144.9 	 -10656.132058
     145.0 	 -10557.644687
     145.1 	 -10460.135644
     145.2 	 -10363.585864
     145.3 	 -10267.974482
     145.4 	 -10173.280633
     145.5 	 -10079.483449
     145.6 	 -9986.562066
     145.7 	 -9894.495618
     145.8 	 -9803.263238
     145.9 	 -9712.844061
     146.0 	 -9623.217222
     146.1 	 -9534.365981
     146.2 	 -9446.290111
     146.3 	 -9358.993511
     146.4 	 -9272.480081
     146.5 	 -9186.753720
     146.6 	 -9101.818329
     146.7 	 -9017.677805
     146.8 	 -8934.336050
     146.9 	 -8851.796962
     147.0 	 -8770.064442
     147.1 	 -8689.139657
     147.2 	 -8609.012850
     147.3 	 -8529.671534
     147.4 	 -8451.103221
     147.5 	 -8373.295423
     147.6 	 -8296.235652
     147.7 	 -8219.911420
     147.8 	 -8144.310239
     147.9 	 -8069.419621
     148.0 	 -7995.227079
     148.1 	 -7921.721606
     148.2 	 -7848.898124
     148.3 	 -7776.753037
     148.4 	 -7705.282748
     148.5 	 -7634.483662
     148.6 	 -7564.352183
     148.7 	 -7494.884713
     148.8 	 -7426.077657
     148.9 	 -7357.927419
     149.0 	 -7290.430402
     149.1 	 -7223.581426
     149.2 	 -7157.368978
     149.3 	 -7091.779957
     149.4 	 -7026.801267
     149.5 	 -6962.419809
     149.6 	 -6898.622484
     149.7 	 -6835.396194
     149.8 	 -6772.727841
     149.9 	 -6710.604326
     150.0 	 -6649.012552
     150.1 	 -6587.942210
     150.2 	 -6527.394159
     150.3 	 -6467.372046
     150.4 	 -6407.879520
     150.5 	 -6348.920229
     150.6 	 -6290.497823
     150.7 	 -6232.615948
     150.8 	 -6175.278253
     150.9 	 -6118.488387
     151.0 	 -6062.249999
     151.1 	 -6006.565107
     151.2 	 -5951.429218
     151.3 	 -5896.836207
     151.4 	 -5842.779951
     151.5 	 -5789.254328
     151.6 	 -5736.253213
     151.7 	 -5683.770483
     151.8 	 -5631.800015
     151.9 	 -5580.335685
     152.0 	 -5529.371370
     152.1 	 -5478.900098
     152.2 	 -5428.911501
     152.3 	 -5379.394365
     152.4 	 -5330.337472
     152.5 	 -5281.729607
     152.6 	 -5233.559555
     152.7 	 -5185.816099
     152.8 	 -5138.488024
     152.9 	 -5091.564114
     153.0 	 -5045.033153
     153.1 	 -4998.885792
     153.2 	 -4953.120157
     153.3 	 -4907.736239
     153.4 	 -4862.734030
     153.5 	 -4818.113522
     153.6 	 -4773.874707
     153.7 	 -4730.017577
     153.8 	 -4686.542124
     153.9 	 -4643.448340
     154.0 	 -4600.736216
     154.1 	 -4558.405757
     154.2 	 -4516.457006
     154.3 	 -4474.890020
     154.4 	 -4433.704855
     154.5 	 -4392.901567
     154.6 	 -4352.480212
     154.7 	 -4312.440846
     154.8 	 -4272.783525
     154.9 	 -4233.508304
     155.0 	 -4194.615241
     155.1 	 -4156.102059
     155.2 	 -4117.957158
     155.3 	 -4080.166605
     155.4 	 -4042.716468
     155.5 	 -4005.592814
     155.6 	 -3968.781711
     155.7 	 -3932.269226
     155.8 	 -3896.041427
     155.9 	 -3860.084381
     156.0 	 -3824.384157
     156.1 	 -3788.931115
     156.2 	 -3753.732794
     156.3 	 -3718.801025
     156.4 	 -3684.147639
     156.5 	 -3649.784469
     156.6 	 -3615.723345
     156.7 	 -3581.976101
     156.8 	 -3548.554567
     156.9 	 -3515.470574
     157.0 	 -3482.735956
     157.1 	 -3450.358161
     157.2 	 -3418.327110
     157.3 	 -3386.628344
     157.4 	 -3355.247402
     157.5 	 -3324.169823
     157.6 	 -3293.381146
     157.7 	 -3262.866912
     157.8 	 -3232.612659
     157.9 	 -3202.603927
     158.0 	 -3172.826256
     158.1 	 -3143.267310
     158.2 	 -3113.923263
     158.3 	 -3084.792410
     158.4 	 -3055.873050
     158.5 	 -3027.163481
     158.6 	 -2998.661999
     158.7 	 -2970.366902
     158.8 	 -2942.276488
     158.9 	 -2914.389055
     159.0 	 -2886.702900
     159.1 	 -2859.218508
     159.2 	 -2831.945116
     159.3 	 -2804.894150
     159.4 	 -2778.077033
     159.5 	 -2751.505191
     159.6 	 -2725.190048
     159.7 	 -2699.143030
     159.8 	 -2673.375560
     159.9 	 -2647.899064
     160.0 	 -2622.724967
     160.1 	 -2597.859158
     160.2 	 -2573.285392
     160.3 	 -2548.981887
     160.4 	 -2524.926861
     160.5 	 -2501.098535
     160.6 	 -2477.475126
     160.7 	 -2454.034855
     160.8 	 -2430.755938
     160.9 	 -2407.616597
     161.0 	 -2384.595049
     161.1 	 -2361.674750
     161.2 	 -2338.860106
     161.3 	 -2316.160758
     161.4 	 -2293.586349
     161.5 	 -2271.146520
     161.6 	 -2248.850913
     161.7 	 -2226.709170
     161.8 	 -2204.730933
     161.9 	 -2182.925845
     162.0 	 -2161.303546
     162.1 	 -2139.872108
     162.2 	 -2118.633313
     162.3 	 -2097.587373
     162.4 	 -2076.734500
     162.5 	 -2056.074905
     162.6 	 -2035.608799
     162.7 	 -2015.336394
     162.8 	 -1995.257902
     162.9 	 -1975.373534
     163.0 	 -1955.683502
     163.1 	 -1936.186233
     163.2 	 -1916.873024
     163.3 	 -1897.733385
     163.4 	 -1878.756830
     163.5 	 -1859.932870
     163.6 	 -1841.251017
     163.7 	 -1822.700783
     163.8 	 -1804.271680
     163.9 	 -1785.953221
     164.0 	 -1767.734916
     164.1 	 -1749.609640
     164.2 	 -1731.583711
     164.3 	 -1713.666807
     164.4 	 -1695.868609
     164.5 	 -1678.198795
     164.6 	 -1660.667046
     164.7 	 -1643.283040
     164.8 	 -1626.056457
     164.9 	 -1608.996976
     165.0 	 -1592.114277
     165.1 	 -1575.414554
     165.2 	 -1558.890061
     165.3 	 -1542.529566
     165.4 	 -1526.321838
     165.5 	 -1510.255646
     165.6 	 -1494.319759
     165.7 	 -1478.502945
     165.8 	 -1462.793972
     165.9 	 -1447.181610
     166.0 	 -1431.654627
     166.1 	 -1416.204742
     166.2 	 -1400.835471
     166.3 	 -1385.553281
     166.4 	 -1370.364639
     166.5 	 -1355.276012
     166.6 	 -1340.293866
     166.7 	 -1325.424668
     166.8 	 -1310.674885
     166.9 	 -1296.050982
     167.0 	 -1281.559428
     167.1 	 -1267.204588
     167.2 	 -1252.982426
     167.3 	 -1238.886807
     167.4 	 -1224.911593
     167.5 	 -1211.050649
     167.6 	 -1197.297838
     167.7 	 -1183.647024
     167.8 	 -1170.092071
     167.9 	 -1156.626842
     168.0 	 -1143.245202
     168.1 	 -1129.942538
     168.2 	 -1116.720342
     168.3 	 -1103.581629
     168.4 	 -1090.529415
     168.5 	 -1077.566715
     168.6 	 -1064.696545
     168.7 	 -1051.921921
     168.8 	 -1039.245858
     168.9 	 -1026.671372
     169.0 	 -1014.201478
     169.1 	 -1001.837380
     169.2 	  -989.573028
     169.3 	  -977.400560
     169.4 	  -965.312116
     169.5 	  -953.299834
     169.6 	  -941.355851
     169.7 	  -929.472306
     169.8 	  -917.641338
     169.9 	  -905.855084
     170.0 	  -894.105684
     170.1 	  -882.388267
     170.2 	  -870.709927
     170.3 	  -859.080752
     170.4 	  -847.510828
     170.5 	  -836.010240
     170.6 	  -824.589075
     170.7 	  -813.257420
     170.8 	  -802.025361
     170.9 	  -790.902984
     171.0 	  -779.900376
     171.1 	  -769.023908
     171.2 	  -758.265091
     171.3 	  -747.611722
     171.4 	  -737.051597
     171.5 	  -726.572512
     171.6 	  -716.162265
     171.7 	  -705.808650
     171.8 	  -695.499466
     171.9 	  -685.222508
     172.0 	  -674.965572
     172.1 	  -664.720147
     172.2 	  -654.492490
     172.3 	  -644.292549
     172.4 	  -634.130274
     172.5 	  -624.015613
     172.6 	  -613.958515
     172.7 	  -603.968930
     172.8 	  -594.056804
     172.9 	  -584.232089
     173.0 	  -574.504732
     173.1 	  -564.881258
     173.2 	  -555.354498
     173.3 	  -545.913858
     173.4 	  -536.548745
     173.5 	  -527.248566
     173.6 	  -518.002727
     173.7 	  -508.800634
     173.8 	  -499.631694
     173.9 	  -490.485313
     174.0 	  -481.350899
     174.1 	  -472.220778
     174.2 	  -463.098957
     174.3 	  -453.992364
     174.4 	  -444.907927
     174.5 	  -435.852572
     174.6 	  -426.833228
     174.7 	  -417.856822
     174.8 	  -408.930282
     174.9 	  -400.060536
     175.0 	  -391.254510
     175.1 	  -382.517412
     175.2 	  -373.847561
     175.3 	  -365.241558
     175.4 	  -356.696002
     175.5 	  -348.207493
     175.6 	  -339.772631
     175.7 	  -331.388014
     175.8 	  -323.050242
     175.9 	  -314.755915
     176.0 	  -306.501633
     176.1 	  -298.284258
     176.2 	  -290.101701
     176.3 	  -281.952139
     176.4 	  -273.833746
     176.5 	  -265.744697
     176.6 	  -257.683168
     176.7 	  -249.647333
     176.8 	  -241.635368
     176.9 	  -233.645448
     177.0 	  -225.675747
     177.1 	  -217.725113
     177.2 	  -209.795074
     177.3 	  -201.887832
     177.4 	  -194.005588
     177.5 	  -186.150542
     177.6 	  -178.324897
     177.7 	  -170.530852
     177.8 	  -162.770608
     177.9 	  -155.046368
     178.0 	  -147.360330
     178.1 	  -139.714037
     178.2 	  -132.106387
     178.3 	  -124.535618
     178.4 	  -116.999969
     178.5 	  -109.497677
     178.6 	  -102.026982
     178.7 	   -94.586121
     178.8 	   -87.173334
     178.9 	   -79.786857
     179.0 	   -72.424931
     179.1 	   -65.086024
     179.2 	   -57.769533
     179.3 	   -50.475087
     179.4 	   -43.202314
     179.5 	   -35.950843
     179.6 	   -28.720301
     179.7 	   -21.510318
     179.8 	   -14.320521
     179.9 	    -7.150539
     180.0 	    -0.000000
     180.1 	     7.131411
     180.2 	    14.243784
     180.3 	    21.337152
     180.4 	    28.411550
     180.5 	    35.467011
     180.6 	    42.503568
     180.7 	    49.521255
     180.8 	    56.520107
     180.9 	    63.500155
     181.0 	    70.461435
     181.1 	    77.403890
     181.2 	    84.327103
     181.3 	    91.230569
     181.4 	    98.113780
     181.5 	   104.976232
     181.6 	   111.817418
     181.7 	   118.636831
     181.8 	   125.433966
     181.9 	   132.208316
     182.0 	   138.959375
     182.1 	   145.687053
     182.2 	   152.392926
     182.3 	   159.078983
     182.4 	   165.747217
     182.5 	   172.399618
     182.6 	   179.038177
     182.7 	   185.664886
     182.8 	   192.281735
     182.9 	   198.890716
     183.0 	   205.493819
     183.1 	   212.092878
     183.2 	   218.689092
     183.3 	   225.283502
     183.4 	   231.877148
     183.5 	   238.471072
     183.6 	   245.066314
     183.7 	   251.663916
     183.8 	   258.264919
     183.9 	   264.870363
     184.0 	   271.481290
     184.1 	   278.098088
     184.2 	   284.718537
     184.3 	   291.339762
     184.4 	   297.958892
     184.5 	   304.573053
     184.6 	   311.179371
     184.7 	   317.774974
     184.8 	   324.356989
     184.9 	   330.922542
     185.0 	   337.468761
     185.1 	   343.993576
     185.2 	   350.498135
     185.3 	   356.984392
     185.4 	   363.454298
     185.5 	   369.909806
     185.6 	   376.352868
     185.7 	   382.785437
     185.8 	   389.209466
     185.9 	   395.626906
     186.0 	   402.039710
     186.1 	   408.449552
     186.2 	   414.856991
     186.3 	   421.262308
     186.4 	   427.665784
     186.5 	   434.067699
     186.6 	   440.468334
     186.7 	   446.867969
     186.8 	   453.266886
     186.9 	   459.665364
     187.0 	   466.063685
     187.1 	   472.462117
     187.2 	   478.860879
     187.3 	   485.260177
     187.4 	   491.660219
     187.5 	   498.061211
     187.6 	   504.463360
     187.7 	   510.866873
     187.8 	   517.271956
     187.9 	   523.678816
     188.0 	   530.087660
     188.1 	   536.498476
     188.2 	   542.910375
     188.3 	   549.322249
     188.4 	   555.732990
     188.5 	   562.141492
     188.6 	   568.546647
     188.7 	   574.947346
     188.8 	   581.342482
     188.9 	   587.730948
     189.0 	   594.111636
     189.1 	   600.484326
     189.2 	   606.852355
     189.3 	   613.219946
     189.4 	   619.591322
     189.5 	   625.970708
     189.6 	   632.362327
     189.7 	   638.770403
     189.8 	   645.199160
     189.9 	   651.652821
     190.0 	   658.135611
     190.1 	   664.649834
     190.2 	   671.190121
     190.3 	   677.749184
     190.4 	   684.319734
     190.5 	   690.894482
     190.6 	   697.466140
     190.7 	   704.027420
     190.8 	   710.571034
     190.9 	   717.089693
     191.0 	   723.576108
     191.1 	   730.025528
     191.2 	   736.443348
     191.3 	   742.837500
     191.4 	   749.215914
     191.5 	   755.586522
     191.6 	   761.957257
     191.7 	   768.336048
     191.8 	   774.730829
     191.9 	   781.149530
     192.0 	   787.600083
     192.1 	   794.088405
     192.2 	   800.612353
     192.3 	   807.167768
     192.4 	   813.750495
     192.5 	   820.356375
     192.6 	   826.981250
     192.7 	   833.620963
     192.8 	   840.271356
     192.9 	   846.928273
     193.0 	   853.587554
     193.1 	   860.246092
     193.2 	   866.904972
     193.3 	   873.566330
     193.4 	   880.232302
     193.5 	   886.905021
     193.6 	   893.586624
     193.7 	   900.279245
     193.8 	   906.985021
     193.9 	   913.706085
     194.0 	   920.444573
     194.1 	   927.201758
     194.2 	   933.975466
     194.3 	   940.762659
     194.4 	   947.560302
     194.5 	   954.365357
     194.6 	   961.174788
     194.7 	   967.985559
     194.8 	   974.794632
     194.9 	   981.598971
     195.0 	   988.395539
     195.1 	   995.182380
     195.2 	  1001.961862
     195.3 	  1008.737432
     195.4 	  1015.512538
     195.5 	  1022.290627
     195.6 	  1029.075148
     195.7 	  1035.869549
     195.8 	  1042.677277
     195.9 	  1049.501779
     196.0 	  1056.346505
     196.1 	  1063.213950
     196.2 	  1070.102811
     196.3 	  1077.010831
     196.4 	  1083.935756
     196.5 	  1090.875330
     196.6 	  1097.827297
     196.7 	  1104.789402
     196.8 	  1111.759390
     196.9 	  1118.735005
     197.0 	  1125.713993
     197.1 	  1132.695401
     197.2 	  1139.683500
     197.3 	  1146.683863
     197.4 	  1153.702064
     197.5 	  1160.743677
     197.6 	  1167.814275
     197.7 	  1174.919433
     197.8 	  1182.064725
     197.9 	  1189.255723
     198.0 	  1196.498002
     198.1 	  1203.794508
     198.2 	  1211.137674
     198.3 	  1218.517307
     198.4 	  1225.923211
     198.5 	  1233.345192
     198.6 	  1240.773056
     198.7 	  1248.196609
     198.8 	  1255.605656
     198.9 	  1262.990002
     199.0 	  1270.339454
     199.1 	  1277.646686
     199.2 	  1284.915841
     199.3 	  1292.153935
     199.4 	  1299.367980
     199.5 	  1306.564990
     199.6 	  1313.751979
     199.7 	  1320.935959
     199.8 	  1328.123945
     199.9 	  1335.322949
     200.0 	  1342.539986
     200.1 	  1349.781204
     200.2 	  1357.049300
     200.3 	  1364.346105
     200.4 	  1371.673450
     200.5 	  1379.033167
     200.6 	  1386.427088
     200.7 	  1393.857044
     200.8 	  1401.324866
     200.9 	  1408.832387
     201.0 	  1416.381438
     201.1 	  1423.973764
     201.2 	  1431.610763
     201.3 	  1439.293748
     201.4 	  1447.024030
     201.5 	  1454.802923
     201.6 	  1462.631737
     201.7 	  1470.511785
     201.8 	  1478.444380
     201.9 	  1486.430832
     202.0 	  1494.472455
     202.1 	  1502.567970
     202.2 	  1510.705734
     202.3 	  1518.871515
     202.4 	  1527.051080
     202.5 	  1535.230198
     202.6 	  1543.394634
     202.7 	  1551.530156
     202.8 	  1559.622533
     202.9 	  1567.657530
     203.0 	  1575.620916
     203.1 	  1583.503661
     203.2 	  1591.317557
     203.3 	  1599.079595
     203.4 	  1606.806771
     203.5 	  1614.516078
     203.6 	  1622.224509
     203.7 	  1629.949059
     203.8 	  1637.706722
     203.9 	  1645.514490
     204.0 	  1653.389359
     204.1 	  1661.343839
     204.2 	  1669.372512
     204.3 	  1677.465478
     204.4 	  1685.612836
     204.5 	  1693.804686
     204.6 	  1702.031127
     204.7 	  1710.282259
     204.8 	  1718.548180
     204.9 	  1726.818992
     205.0 	  1735.084793
     205.1 	  1743.338912
     205.2 	  1751.587601
     205.3 	  1759.840340
     205.4 	  1768.106611
     205.5 	  1776.395894
     205.6 	  1784.717670
     205.7 	  1793.081420
     205.8 	  1801.496625
     205.9 	  1809.972765
     206.0 	  1818.519323
     206.1 	  1827.142262
     206.2 	  1835.833484
     206.3 	  1844.581377
     206.4 	  1853.374326
     206.5 	  1862.200716
     206.6 	  1871.048935
     206.7 	  1879.907369
     206.8 	  1888.764403
     206.9 	  1897.608423
     207.0 	  1906.427817
     207.1 	  1915.213724
     207.2 	  1923.968304
     207.3 	  1932.696469
     207.4 	  1941.403134
     207.5 	  1950.093211
     207.6 	  1958.771615
     207.7 	  1967.443259
     207.8 	  1976.113056
     207.9 	  1984.785920
     208.0 	  1993.466763
     208.1 	  2002.161175
     208.2 	  2010.877438
     208.3 	  2019.624512
     208.4 	  2028.411354
     208.5 	  2037.246923
     208.6 	  2046.140176
     208.7 	  2055.100073
     208.8 	  2064.135571
     208.9 	  2073.255629
     209.0 	  2082.469205
     209.1 	  2091.780676
     209.2 	  2101.176092
     209.3 	  2110.636922
     209.4 	  2120.144635
     209.5 	  2129.680701
     209.6 	  2139.226588
     209.7 	  2148.763766
     209.8 	  2158.273704
     209.9 	  2167.737870
     210.0 	  2177.137734
     210.1 	  2186.460986
     210.2 	  2195.720204
     210.3 	  2204.934187
     210.4 	  2214.121733
     210.5 	  2223.301642
     210.6 	  2232.492713
     210.7 	  2241.713745
     210.8 	  2250.983536
     210.9 	  2260.320885
     211.0 	  2269.744592
     211.1 	  2279.267513
     211.2 	  2288.878727
     211.3 	  2298.561374
     211.4 	  2308.298592
     211.5 	  2318.073517
     211.6 	  2327.869288
     211.7 	  2337.669043
     211.8 	  2347.455920
     211.9 	  2357.213056
     212.0 	  2366.923590
     212.1 	  2376.575814
     212.2 	  2386.178636
     212.3 	  2395.746122
     212.4 	  2405.292335
     212.5 	  2414.831340
     212.6 	  2424.377199
     212.7 	  2433.943977
     212.8 	  2443.545739
     212.9 	  2453.196547
     213.0 	  2462.910466
     213.1 	  2472.698961
     213.2 	  2482.563105
     213.3 	  2492.501371
     213.4 	  2502.512233
     213.5 	  2512.594165
     213.6 	  2522.745641
     213.7 	  2532.965134
     213.8 	  2543.251118
     213.9 	  2553.602067
     214.0 	  2564.016454
     214.1 	  2574.491584
     214.2 	  2585.020078
     214.3 	  2595.593388
     214.4 	  2606.202966
     214.5 	  2616.840265
     214.6 	  2627.496736
     214.7 	  2638.163831
     214.8 	  2648.833002
     214.9 	  2659.495702
     215.0 	  2670.143381
     215.1 	  2680.769849
     215.2 	  2691.378343
     215.3 	  2701.974453
     215.4 	  2712.563774
     215.5 	  2723.151898
     215.6 	  2733.744418
     215.7 	  2744.346926
     215.8 	  2754.965015
     215.9 	  2765.604278
     216.0 	  2776.270308
     216.1 	  2786.967971
     216.2 	  2797.699234
     216.3 	  2808.465336
     216.4 	  2819.267517
     216.5 	  2830.107017
     216.6 	  2840.985076
     216.7 	  2851.902935
     216.8 	  2862.861832
     216.9 	  2873.863009
     217.0 	  2884.907704
     217.1 	  2895.995515
     217.2 	  2907.119468
     217.3 	  2918.270946
     217.4 	  2929.441332
     217.5 	  2940.622007
     217.6 	  2951.804356
     217.7 	  2962.979762
     217.8 	  2974.139606
     217.9 	  2985.275272
     218.0 	  2996.378143
     218.1 	  3007.444837
     218.2 	  3018.492912
     218.3 	  3029.545163
     218.4 	  3040.624384
     218.5 	  3051.753368
     218.6 	  3062.954910
     218.7 	  3074.251803
     218.8 	  3085.666841
     218.9 	  3097.222819
     219.0 	  3108.942530
     219.1 	  3120.839162
     219.2 	  3132.887475
     219.3 	  3145.052624
     219.4 	  3157.299763
     219.5 	  3169.594046
     219.6 	  3181.900627
     219.7 	  3194.184661
     219.8 	  3206.411302
     219.9 	  3218.545704
     220.0 	  3230.553021
     220.1 	  3242.410897
     220.2 	  3254.146940
     220.3 	  3265.801247
     220.4 	  3277.413914
     220.5 	  3289.025038
     220.6 	  3300.674717
     220.7 	  3312.403048
     220.8 	  3324.250127
     220.9 	  3336.256052
     221.0 	  3348.460920
     221.1 	  3360.890741
     221.2 	  3373.515179
     221.3 	  3386.289814
     221.4 	  3399.170222
     221.5 	  3412.111982
     221.6 	  3425.070673
     221.7 	  3438.001871
     221.8 	  3450.861156
     221.9 	  3463.604105
     222.0 	  3476.186296
     222.1 	  3488.577935
     222.2 	  3500.807738
     222.3 	  3512.919046
     222.4 	  3524.955204
     222.5 	  3536.959554
     222.6 	  3548.975439
     222.7 	  3561.046202
     222.8 	  3573.215185
     222.9 	  3585.525732
     223.0 	  3598.021186
     223.1 	  3610.733299
     223.2 	  3623.647458
     223.3 	  3636.737461
     223.4 	  3649.977106
     223.5 	  3663.340188
     223.6 	  3676.800506
     223.7 	  3690.331856
     223.8 	  3703.908037
     223.9 	  3717.502844
     224.0 	  3731.090075
     224.1 	  3744.649416
     224.2 	  3758.184105
     224.3 	  3771.703270
     224.4 	  3785.216038
     224.5 	  3798.731536
     224.6 	  3812.258892
     224.7 	  3825.807232
     224.8 	  3839.385684
     224.9 	  3853.003376
     225.0 	  3866.669433
     225.1 	  3880.390615
     225.2 	  3894.164201
     225.3 	  3907.985104
     225.4 	  3921.848233
     225.5 	  3935.748501
     225.6 	  3949.680819
     225.7 	  3963.640097
     225.8 	  3977.621247
     225.9 	  3991.619181
     226.0 	  4005.628808
     226.1 	  4019.646891
     226.2 	  4033.677590
     226.3 	  4047.726916
     226.4 	  4061.800880
     226.5 	  4075.905492
     226.6 	  4090.046763
     226.7 	  4104.230704
     226.8 	  4118.463325
     226.9 	  4132.750638
     227.0 	  4147.098652
     227.1 	  4161.510088
     227.2 	  4175.974500
     227.3 	  4190.478150
     227.4 	  4205.007304
     227.5 	  4219.548222
     227.6 	  4234.087170
     227.7 	  4248.610410
     227.8 	  4263.104205
     227.9 	  4277.554818
     228.0 	  4291.948514
     228.1 	  4306.279167
     228.2 	  4320.571103
     228.3 	  4334.856260
     228.4 	  4349.166576
     228.5 	  4363.533990
     228.6 	  4377.990439
     228.7 	  4392.567861
     228.8 	  4407.298195
     228.9 	  4422.213378
     229.0 	  4437.345349
     229.1 	  4452.716333
     229.2 	  4468.309711
     229.3 	  4484.099153
     229.4 	  4500.058326
     229.5 	  4516.160899
     229.6 	  4532.380541
     229.7 	  4548.690921
     229.8 	  4565.065707
     229.9 	  4581.478568
     230.0 	  4597.903173
     230.1 	  4614.316613
     230.2 	  4630.709667
     230.3 	  4647.076538
     230.4 	  4663.411428
     230.5 	  4679.708539
     230.6 	  4695.962074
     230.7 	  4712.166235
     230.8 	  4728.315223
     230.9 	  4744.403242
     231.0 	  4760.424493
     231.1 	  4776.377280
     231.2 	  4792.276309
     231.3 	  4808.140388
     231.4 	  4823.988325
     231.5 	  4839.838927
     231.6 	  4855.711003
     231.7 	  4871.623360
     231.8 	  4887.594806
     231.9 	  4903.644149
     232.0 	  4919.790195
     232.1 	  4936.049796
     232.2 	  4952.431968
     232.3 	  4968.943770
     232.4 	  4985.592261
     232.5 	  5002.384500
     232.6 	  5019.327545
     232.7 	  5036.428457
     232.8 	  5053.694293
     232.9 	  5071.132113
     233.0 	  5088.748975
     233.1 	  5106.545208
     233.2 	  5124.494216
     233.3 	  5142.562671
     233.4 	  5160.717246
     233.5 	  5178.924614
     233.6 	  5197.151448
     233.7 	  5215.364421
     233.8 	  5233.530206
     233.9 	  5251.615476
     234.0 	  5269.586902
     234.1 	  5287.423170
     234.2 	  5305.151001
     234.3 	  5322.809131
     234.4 	  5340.436291
     234.5 	  5358.071218
     234.6 	  5375.752643
     234.7 	  5393.519301
     234.8 	  5411.409926
     234.9 	  5429.463252
     235.0 	  5447.718011
     235.1 	  5466.198935
     235.2 	  5484.874743
     235.3 	  5503.700151
     235.4 	  5522.629875
     235.5 	  5541.618631
     235.6 	  5560.621134
     235.7 	  5579.592101
     235.8 	  5598.486248
     235.9 	  5617.258291
     236.0 	  5635.862946
     236.1 	  5654.274036
     236.2 	  5672.541814
     236.3 	  5690.735640
     236.4 	  5708.924875
     236.5 	  5727.178878
     236.6 	  5745.567011
     236.7 	  5764.158632
     236.8 	  5783.023104
     236.9 	  5802.229785
     237.0 	  5821.848036
     237.1 	  5841.922784
     237.2 	  5862.401226
     237.3 	  5883.206124
     237.4 	  5904.260240
     237.5 	  5925.486337
     237.6 	  5946.807179
     237.7 	  5968.145528
     237.8 	  5989.424147
     237.9 	  6010.565799
     238.0 	  6031.493246
     238.1 	  6052.151958
     238.2 	  6072.578231
     238.3 	  6092.831069
     238.4 	  6112.969475
     238.5 	  6133.052451
     238.6 	  6153.139000
     238.7 	  6173.288126
     238.8 	  6193.558832
     238.9 	  6214.010121
     239.0 	  6234.700996
     239.1 	  6255.674892
     239.2 	  6276.912975
     239.3 	  6298.380844
     239.4 	  6320.044097
     239.5 	  6341.868332
     239.6 	  6363.819148
     239.7 	  6385.862143
     239.8 	  6407.962916
     239.9 	  6430.087064
     240.0 	  6452.200187
     240.1 	  6474.276352
     240.2 	  6496.323506
     240.3 	  6518.358066
     240.4 	  6540.396450
     240.5 	  6562.455072
     240.6 	  6584.550352
     240.7 	  6606.698704
     240.8 	  6628.916547
     240.9 	  6651.220296
     241.0 	  6673.626369
     241.1 	  6696.148481
     241.2 	  6718.789539
     241.3 	  6741.549751
     241.4 	  6764.429323
     241.5 	  6787.428461
     241.6 	  6810.547373
     241.7 	  6833.786264
     241.8 	  6857.145341
     241.9 	  6880.624811
     242.0 	  6904.224880
     242.1 	  6927.946100
     242.2 	  6951.790406
     242.3 	  6975.760077
     242.4 	  6999.857394
     242.5 	  7024.084635
     242.6 	  7048.444081
     242.7 	  7072.938012
     242.8 	  7097.568708
     242.9 	  7122.338448
     243.0 	  7147.249512
     243.1 	  7172.299539
     243.2 	  7197.467603
     243.3 	  7222.728137
     243.4 	  7248.055576
     243.5 	  7273.424351
     243.6 	  7298.808896
     243.7 	  7324.183645
     243.8 	  7349.523031
     243.9 	  7374.801487
     244.0 	  7399.993446
     244.1 	  7425.084645
     244.2 	  7450.106042
     244.3 	  7475.099896
     244.4 	  7500.108468
     244.5 	  7525.174018
     244.6 	  7550.338806
     244.7 	  7575.645094
     244.8 	  7601.135140
     244.9 	  7626.851207
     245.0 	  7652.835554
     245.1 	  7679.120888
     245.2 	  7705.701701
     245.3 	  7732.562929
     245.4 	  7759.689511
     245.5 	  7787.066385
     245.6 	  7814.678487
     245.7 	  7842.510756
     245.8 	  7870.548129
     245.9 	  7898.775543
     246.0 	  7927.177938
     246.1 	  7955.740064
     246.2 	  7984.445931
     246.3 	  8013.279363
     246.4 	  8042.224186
     246.5 	  8071.264222
     246.6 	  8100.383297
     246.7 	  8129.565233
     246.8 	  8158.793856
     246.9 	  8188.052990
     247.0 	  8217.326459
     247.1 	  8246.602198
     247.2 	  8275.884587
     247.3 	  8305.182117
     247.4 	  8334.503277
     247.5 	  8363.856559
     247.6 	  8393.250454
     247.7 	  8422.693452
     247.8 	  8452.194044
     247.9 	  8481.760720
     248.0 	  8511.401972
     248.1 	  8541.128249
     248.2 	  8570.957840
     248.3 	  8600.910995
     248.4 	  8631.007963
     248.5 	  8661.268991
     248.6 	  8691.714330
     248.7 	  8722.364227
     248.8 	  8753.238932
     248.9 	  8784.358693
     249.0 	  8815.743760
     249.1 	  8847.406877
     249.2 	  8879.330773
     249.3 	  8911.490673
     249.4 	  8943.861803
     249.5 	  8976.419389
     249.6 	  9009.138654
     249.7 	  9041.994825
     249.8 	  9074.963127
     249.9 	  9108.018785
     250.0 	  9141.137024
     250.1 	  9174.303679
     250.2 	  9207.547019
     250.3 	  9240.905924
     250.4 	  9274.419272
     250.5 	  9308.125943
     250.6 	  9342.064816
     250.7 	  9376.274769
     250.8 	  9410.794682
     250.9 	  9445.663435
     251.0 	  9480.919904
     251.1 	  9516.587702
     251.2 	  9552.629363
     251.3 	  9588.992151
     251.4 	  9625.623332
     251.5 	  9662.470173
     251.6 	  9699.479937
     251.7 	  9736.599891
     251.8 	  9773.777300
     251.9 	  9810.959430
     252.0 	  9848.093546
     252.1 	  9885.141462
     252.2 	  9922.123188
     252.3 	  9959.073282
     252.4 	  9996.026303
     252.5 	 10033.016808
     252.6 	 10070.079357
     252.7 	 10107.248508
     252.8 	 10144.558818
     252.9 	 10182.044847
     253.0 	 10219.741152
     253.1 	 10257.676995
     253.2 	 10295.860447
     253.3 	 10334.294282
     253.4 	 10372.981276
     253.5 	 10411.924202
     253.6 	 10451.125834
     253.7 	 10490.588947
     253.8 	 10530.316315
     253.9 	 10570.310712
     254.0 	 10610.574913
     254.1 	 10651.110408
     254.2 	 10691.913554
     254.3 	 10732.979424
     254.4 	 10774.303091
     254.5 	 10815.879628
     254.6 	 10857.704108
     254.7 	 10899.771603
     254.8 	 10942.077187
     254.9 	 10984.615933
     255.0 	 11027.382913
     255.1 	 11070.374433
     255.2 	 11113.591720
     255.3 	 11157.037234
     255.4 	 11200.713437
     255.5 	 11244.622788
     255.6 	 11288.767746
     255.7 	 11333.150772
     255.8 	 11377.774326
     255.9 	 11422.640868
     256.0 	 11467.752858
     256.1 	 11513.111528
     256.2 	 11558.713192
     256.3 	 11604.552938
     256.4 	 11650.625853
     256.5 	 11696.927023
     256.6 	 11743.451536
     256.7 	 11790.194478
     256.8 	 11837.150936
     256.9 	 11884.315997
     257.0 	 11931.684749
     257.1 	 11979.255091
     257.2 	 12027.036186
     257.3 	 12075.040008
     257.4 	 12123.278533
     257.5 	 12171.763734
     257.6 	 12220.507589
     257.7 	 12269.522071
     257.8 	 12318.819156
     257.9 	 12368.410819
     258.0 	 12418.309036
     258.1 	 12468.525245
     258.2 	 12519.068748
     258.3 	 12569.948309
     258.4 	 12621.172691
     258.5 	 12672.750661
     258.6 	 12724.690982
     258.7 	 12777.002419
     258.8 	 12829.693737
     258.9 	 12882.773701
     259.0 	 12936.251074
     259.1 	 12990.129446
     259.2 	 13044.391699
     259.3 	 13099.015539
     259.4 	 13153.978673
     259.5 	 13209.258808
     259.6 	 13264.833649
     259.7 	 13320.680902
     259.8 	 13376.778275
     259.9 	 13433.103474
     260.0 	 13489.634205
     260.1 	 13546.357340
     260.2 	 13603.296410
     260.3 	 13660.484112
     260.4 	 13717.953144
     260.5 	 13775.736201
     260.6 	 13833.865982
     260.7 	 13892.375182
     260.8 	 13951.296500
     260.9 	 14010.662630
     261.0 	 14070.506272
     261.1 	 14130.850881
     261.2 	 14191.682952
     261.3 	 14252.979739
     261.4 	 14314.718498
     261.5 	 14376.876484
     261.6 	 14439.430950
     261.7 	 14502.359151
     261.8 	 14565.638343
     261.9 	 14629.245780
     262.0 	 14693.158716
     262.1 	 14757.359959
     262.2 	 14821.854528
     262.3 	 14886.652994
     262.4 	 14951.765928
     262.5 	 15017.203903
     262.6 	 15082.977489
     262.7 	 15149.097259
     262.8 	 15215.573783
     262.9 	 15282.417633
     263.0 	 15349.639381
     263.1 	 15417.250119
     263.2 	 15485.263025
     263.3 	 15553.691796
     263.4 	 15622.550133
     263.5 	 15691.851733
     263.6 	 15761.610294
     263.7 	 15831.839516
     263.8 	 15902.553097
     263.9 	 15973.764735
     264.0 	 16045.488129
     264.1 	 16117.734515
     264.2 	 16190.505280
     264.3 	 16263.799350
     264.4 	 16337.615648
     264.5 	 16411.953100
     264.6 	 16486.810631
     264.7 	 16562.187165
     264.8 	 16638.081627
     264.9 	 16714.492942
     265.0 	 16791.420034
     265.1 	 16868.858030
     265.2 	 16946.786857
     265.3 	 17025.182643
     265.4 	 17104.021517
     265.5 	 17183.279608
     265.6 	 17262.933043
     265.7 	 17342.957952
     265.8 	 17423.330463
     265.9 	 17504.026704
     266.0 	 17585.022804
     266.1 	 17666.310363
     266.2 	 17747.942869
     266.3 	 17829.989284
     266.4 	 17912.518565
     266.5 	 17995.599675
     266.6 	 18079.301573
     266.7 	 18163.693219
     266.8 	 18248.843573
     266.9 	 18334.821596
     267.0 	 18421.696247
     267.1 	 18509.505817
     267.2 	 18598.165919
     267.3 	 18687.561495
     267.4 	 18777.577488
     267.5 	 18868.098840
     267.6 	 18959.010494
     267.7 	 19050.197393
     267.8 	 19141.544480
     267.9 	 19232.936697
     268.0 	 19324.258986
     268.1 	 19415.469348
     268.2 	 19506.818000
     268.3 	 19598.628221
     268.4 	 19691.223285
     268.5 	 19784.926469
     268.6 	 19880.061049
     268.7 	 19976.950301
     268.8 	 20075.917501
     268.9 	 20177.285925
     269.0 	 20281.378848
     269.1 	 20388.276607
     269.2 	 20497.087768
     269.3 	 20606.677959
     269.4 	 20715.912807
     269.5 	 20823.657938
     269.6 	 20928.778980
     269.7 	 21030.141559
     269.8 	 21126.611303
     269.9 	 21217.053838
     270.0 	 21300.334791
     270.1 	 21375.935152
     270.2 	 21445.797371
     270.3 	 21512.479258
     270.4 	 21578.538624
     270.5 	 21646.533283
     270.6 	 21719.021045
     270.7 	 21798.559721
     270.8 	 21887.707125
     270.9 	 21989.021067
     271.0 	 22105.059359
     271.1 	 22237.182778
     271.2 	 22381.963963
     271.3 	 22534.778519
     271.4 	 22691.002049
     271.5 	 22846.010158
     271.6 	 22995.178450
     271.7 	 23133.882529
     271.8 	 23257.498000
     271.9 	 23361.400467
     272.0 	 23440.965535
     272.1 	 23493.415652
     272.2 	 23523.360652
     272.3 	 23537.257210
     272.4 	 23541.562006
     272.5 	 23542.731716
     272.6 	 23547.223017
     272.7 	 23561.492588
     272.8 	 23591.997106
     272.9 	 23645.193247
     273.0 	 23727.537690
     273.1 	 23843.676130
     273.2 	 23991.010338
     273.3 	 24165.131103
     273.4 	 24361.629214
     273.5 	 24576.095460
     273.6 	 24804.120630
     273.7 	 25041.295513
     273.8 	 25283.210898
     273.9 	 25525.457573
     274.0 	 25763.626328
     274.1 	 25994.246566
     274.2 	 26217.602140
     274.3 	 26434.915519
     274.4 	 26647.409171
     274.5 	 26856.305563
     274.6 	 27062.827163
     274.7 	 27268.196440
     274.8 	 27473.635861
     274.9 	 27680.367894
     275.0 	 27889.615007
     275.1 	 28102.338997
     275.2 	 28318.458973
     275.3 	 28537.633376
     275.4 	 28759.520643
     275.5 	 28983.779214
     275.6 	 29210.067529
     275.7 	 29438.044025
     275.8 	 29667.367142
     275.9 	 29897.695320
     276.0 	 30128.686996
     276.1 	 30360.076535
     276.2 	 30591.901999
     276.3 	 30824.277375
     276.4 	 31057.316650
     276.5 	 31291.133812
     276.6 	 31525.842846
     276.7 	 31761.557741
     276.8 	 31998.392483
     276.9 	 32236.461060
     277.0 	 32475.877457
     277.1 	 32716.726619
     277.2 	 32958.977310
     277.3 	 33202.569253
     277.4 	 33447.442167
     277.5 	 33693.535774
     277.6 	 33940.789795
     277.7 	 34189.143951
     277.8 	 34438.537964
     277.9 	 34688.911555
     278.0 	 34940.204445
     278.1 	 35192.377477
     278.2 	 35445.475985
     278.3 	 35699.566426
     278.4 	 35954.715256
     278.5 	 36210.988931
     278.6 	 36468.453908
     278.7 	 36727.176642
     278.8 	 36987.223591
     278.9 	 37248.661211
     279.0 	 37511.555957
     279.1 	 37775.957283
     279.2 	 38041.846628
     279.3 	 38309.188428
     279.4 	 38577.947121
     279.5 	 38848.087141
     279.6 	 39119.572925
     279.7 	 39392.368910
     279.8 	 39666.439531
     279.9 	 39941.749225
     280.0 	 40218.262427
     280.1 	 40495.946553
     280.2 	 40774.780933
     280.3 	 41054.747875
     280.4 	 41335.829687
     280.5 	 41618.008678
     280.6 	 41901.267157
     280.7 	 42185.587432
     280.8 	 42470.951811
     280.9 	 42757.342604
     281.0 	 43044.742118
     281.1 	 43333.148858
     281.2 	 43622.626114
     281.3 	 43913.253372
     281.4 	 44205.110119
     281.5 	 44498.275839
     281.6 	 44792.830020
     281.7 	 45088.852146
     281.8 	 45386.421705
     281.9 	 45685.618182
     282.0 	 45986.521064
     282.1 	 46289.185689
     282.2 	 46593.570814
     282.3 	 46899.611048
     282.4 	 47207.241001
     282.5 	 47516.395283
     282.6 	 47827.008502
     282.7 	 48139.015269
     282.8 	 48452.350192
     282.9 	 48766.947882
     283.0 	 49082.742948
     283.1 	 49399.689772
     283.2 	 49717.821823
     283.3 	 50037.192345
     283.4 	 50357.854580
     283.5 	 50679.861771
     283.6 	 51003.267160
     283.7 	 51328.123989
     283.8 	 51654.485502
     283.9 	 51982.404940
     284.0 	 52311.935547
     284.1 	 52643.117276
     284.2 	 52975.936928
     284.3 	 53310.368014
     284.4 	 53646.384047
     284.5 	 53983.958538
     284.6 	 54323.065000
     284.7 	 54663.676944
     284.8 	 55005.767882
     284.9 	 55349.311326
     285.0 	 55694.280788
     285.1 	 56040.654452
     285.2 	 56388.429192
     285.3 	 56737.606556
     285.4 	 57088.188091
     285.5 	 57440.175342
     285.6 	 57793.569857
     285.7 	 58148.373182
     285.8 	 58504.586865
     285.9 	 58862.212452
     286.0 	 59221.251490
     286.1 	 59581.715341
     286.2 	 59943.654631
     286.3 	 60307.129799
     286.4 	 60672.201285
     286.5 	 61038.929531
     286.6 	 61407.374977
     286.7 	 61777.598063
     286.8 	 62149.659229
     286.9 	 62523.618916
     287.0 	 62899.537564
     287.1 	 63277.454188
     287.2 	 63657.322106
     287.3 	 64039.073208
     287.4 	 64422.639387
     287.5 	 64807.952534
     287.6 	 65194.944540
     287.7 	 65583.547297
     287.8 	 65973.692697
     287.9 	 66365.312630
     288.0 	 66758.338990
     288.1 	 67152.724278
     288.2 	 67548.503442
     288.3 	 67945.732042
     288.4 	 68344.465635
     288.5 	 68744.759780
     288.6 	 69146.670037
     288.7 	 69550.251965
     288.8 	 69955.561121
     288.9 	 70362.653065
     289.0 	 70771.583355
     289.1 	 71182.394328
     289.2 	 71595.075428
     289.3 	 72009.602875
     289.4 	 72425.952892
     289.5 	 72844.101699
     289.6 	 73264.025518
     289.7 	 73685.700569
     289.8 	 74109.103075
     289.9 	 74534.209256
     290.0 	 74960.995334
     290.1 	 75389.449305
     290.2 	 75819.606272
     290.3 	 76251.513110
     290.4 	 76685.216699
     290.5 	 77120.763914
     290.6 	 77558.201634
     290.7 	 77997.576734
     290.8 	 78438.936094
     290.9 	 78882.326589
     291.0 	 79327.795097
     291.1 	 79775.372651
     291.2 	 80225.026902
     291.3 	 80676.709659
     291.4 	 81130.372728
     291.5 	 81585.967917
     291.6 	 82043.447034
     291.7 	 82502.761886
     291.8 	 82963.864280
     291.9 	 83426.706024
     292.0 	 83891.238926
     292.1 	 84357.430590
     292.2 	 84825.311815
     292.3 	 85294.929198
     292.4 	 85766.329334
     292.5 	 86239.558819
     292.6 	 86714.664250
     292.7 	 87191.692224
     292.8 	 87670.689335
     292.9 	 88151.702181
     293.0 	 88634.777358
     293.1 	 89119.960537
     293.2 	 89607.293690
     293.3 	 90096.817863
     293.4 	 90588.574103
     293.5 	 91082.603457
     293.6 	 91578.946972
     293.7 	 92077.645695
     293.8 	 92578.740672
     293.9 	 93082.272949
     294.0 	 93588.283575
     294.1 	 94096.791931
     294.2 	 94607.730748
     294.3 	 95121.011091
     294.4 	 95636.544025
     294.5 	 96154.240616
     294.6 	 96674.011930
     294.7 	 97195.769033
     294.8 	 97719.422989
     294.9 	 98244.884866
     295.0 	 98772.065728
     295.1 	 99300.905932
     295.2 	 99831.463001
     295.3 	 100363.823746
     295.4 	 100898.074982
     295.5 	 101434.303520
     295.6 	 101972.596174
     295.7 	 102513.039757
     295.8 	 103055.721081
     295.9 	 103600.726960
     296.0 	 104148.144206
     296.1 	 104698.042055
     296.2 	 105250.419425
     296.3 	 105805.257657
     296.4 	 106362.538095
     296.5 	 106922.242077
     296.6 	 107484.350947
     296.7 	 108048.846044
     296.8 	 108615.708711
     296.9 	 109184.920288
     297.0 	 109756.462117
     297.1 	 110330.322383
     297.2 	 110906.516650
     297.3 	 111485.067325
     297.4 	 112065.996816
     297.5 	 112649.327531
     297.6 	 113235.081876
     297.7 	 113823.282261
     297.8 	 114413.951091
     297.9 	 115007.110775
     298.0 	 115602.783720
     298.1 	 116200.989226
     298.2 	 116801.734154
     298.3 	 117405.022257
     298.4 	 118010.857290
     298.5 	 118619.243005
     298.6 	 119230.183156
     298.7 	 119843.681497
     298.8 	 120459.741780
     298.9 	 121078.367759
     299.0 	 121699.563188
     299.1 	 122323.330175
     299.2 	 122949.664248
     299.3 	 123578.559288
     299.4 	 124210.009179
     299.5 	 124844.007803
     299.6 	 125480.549043
     299.7 	 126119.626780
     299.8 	 126761.234899
     299.9 	 127405.367281
     300.0 	 128052.017809
     300.1 	 128701.189311
     300.2 	 129352.920402
     300.3 	 130007.258642
     300.4 	 130664.251591
     300.5 	 131323.946809
     300.6 	 131986.391856
     300.7 	 132651.634293
     300.8 	 133319.721681
     300.9 	 133990.701578
     301.0 	 134664.621546
     301.1 	 135341.517149
     301.2 	 136021.375976
     301.3 	 136704.173620
     301.4 	 137389.885673
     301.5 	 138078.487728
     301.6 	 138769.955378
     301.7 	 139464.264216
     301.8 	 140161.389835
     301.9 	 140861.307827
     302.0 	 141563.993787
     302.1 	 142269.433951
     302.2 	 142977.657140
     302.3 	 143688.702820
     302.4 	 144402.610455
     302.5 	 145119.419511
     302.6 	 145839.169452
     302.7 	 146561.899746
     302.8 	 147287.649856
     302.9 	 148016.459247
     303.0 	 148748.367387
     303.1 	 149483.404063
     303.2 	 150221.560361
     303.3 	 150962.817694
     303.4 	 151707.157470
     303.5 	 152454.561100
     303.6 	 153205.009994
     303.7 	 153958.485564
     303.8 	 154714.969218
     303.9 	 155474.442369
     304.0 	 156236.886425
     304.1 	 157002.292427
     304.2 	 157770.689930
     304.3 	 158542.118119
     304.4 	 159316.616179
     304.5 	 160094.223295
     304.6 	 160874.978651
     304.7 	 161658.921432
     304.8 	 162446.090824
     304.9 	 163236.526010
     305.0 	 164030.266176
     305.1 	 164827.347472
     305.2 	 165627.793910
     305.3 	 166431.626467
     305.4 	 167238.866123
     305.5 	 168049.533853
     305.6 	 168863.650636
     305.7 	 169681.237450
     305.8 	 170502.315272
     305.9 	 171326.905080
     306.0 	 172155.027852
     306.1 	 172986.695391
     306.2 	 173821.882806
     306.3 	 174660.556033
     306.4 	 175502.681005
     306.5 	 176348.223659
     306.6 	 177197.149929
     306.7 	 178049.425750
     306.8 	 178905.017056
     306.9 	 179763.889784
     307.0 	 180626.009868
     307.1 	 181491.364333
     307.2 	 182360.024566
     307.3 	 183232.083047
     307.4 	 184107.632252
     307.5 	 184986.764659
     307.6 	 185869.572747
     307.7 	 186756.148992
     307.8 	 187646.585874
     307.9 	 188540.975870
     308.0 	 189439.411458
     308.1 	 190341.961988
     308.2 	 191248.604301
     308.3 	 192159.292110
     308.4 	 193073.979127
     308.5 	 193992.619066
     308.6 	 194915.165639
     308.7 	 195841.572560
     308.8 	 196771.793541
     308.9 	 197705.782295
     309.0 	 198643.492535
     309.1 	 199584.888764
     309.2 	 200529.978642
     309.3 	 201478.780620
     309.4 	 202431.313148
     309.5 	 203387.594676
     309.6 	 204347.643654
     309.7 	 205311.478533
     309.8 	 206279.117763
     309.9 	 207250.579794
     310.0 	 208225.883077
     310.1 	 209205.055077
     310.2 	 210188.159319
     310.3 	 211175.268342
     310.4 	 212166.454688
     310.5 	 213161.790896
     310.6 	 214161.349506
     310.7 	 215165.203058
     310.8 	 216173.424093
     310.9 	 217186.085151
     311.0 	 218203.258771
     311.1 	 219225.001387
     311.2 	 220251.305006
     311.3 	 221282.145527
     311.4 	 222317.498850
     311.5 	 223357.340876
     311.6 	 224401.647503
     311.7 	 225450.394633
     311.8 	 226503.558164
     311.9 	 227561.113996
     312.0 	 228623.038030
     312.1 	 229689.311452
     312.2 	 230759.936594
     312.3 	 231834.921077
     312.4 	 232914.272520
     312.5 	 233997.998543
     312.6 	 235086.106764
     312.7 	 236178.604805
     312.8 	 237275.500284
     312.9 	 238376.800821
     313.0 	 239482.514036
     313.1 	 240592.655158
     313.2 	 241707.269862
     313.3 	 242826.411431
     313.4 	 243950.133149
     313.5 	 245078.488300
     313.6 	 246211.530168
     313.7 	 247349.312037
     313.8 	 248491.887191
     313.9 	 249639.308914
     314.0 	 250791.630490
     314.1 	 251948.899220
     314.2 	 253111.138475
     314.3 	 254278.365645
     314.4 	 255450.598116
     314.5 	 256627.853278
     314.6 	 257810.148520
     314.7 	 258997.501230
     314.8 	 260189.928795
     314.9 	 261387.448606
     315.0 	 262590.078050
     315.1 	 263797.829335
     315.2 	 265010.693947
     315.3 	 266228.658189
     315.4 	 267451.708365
     315.5 	 268679.830781
     315.6 	 269913.011740
     315.7 	 271151.237547
     315.8 	 272394.494506
     315.9 	 273642.768922
     316.0 	 274896.047098
     316.1 	 276154.328483
     316.2 	 277417.665097
     316.3 	 278686.122102
     316.4 	 279959.764664
     316.5 	 281238.657945
     316.6 	 282522.867110
     316.7 	 283812.457322
     316.8 	 285107.493744
     316.9 	 286408.041540
     317.0 	 287714.165874
     317.1 	 289025.918135
     317.2 	 290343.294616
     317.3 	 291666.277833
     317.4 	 292994.850304
     317.5 	 294328.994548
     317.6 	 295668.693081
     317.7 	 297013.928421
     317.8 	 298364.683086
     317.9 	 299720.939594
     318.0 	 301082.680463
     318.1 	 302449.906335
     318.2 	 303822.690356
     318.3 	 305201.123799
     318.4 	 306585.297935
     318.5 	 307975.304037
     318.6 	 309371.233375
     318.7 	 310773.177221
     318.8 	 312181.226848
     318.9 	 313595.473527
     319.0 	 315016.008531
     319.1 	 316442.893278
     319.2 	 317876.069787
     319.3 	 319315.450224
     319.4 	 320760.946753
     319.5 	 322212.471540
     319.6 	 323669.936751
     319.7 	 325133.254553
     319.8 	 326602.337109
     319.9 	 328077.096587
     320.0 	 329557.445151
     320.1 	 331043.332475
     320.2 	 332534.858258
     320.3 	 334032.159707
     320.4 	 335535.374029
     320.5 	 337044.638431
     320.6 	 338560.090119
     320.7 	 340081.866301
     320.8 	 341610.104182
     320.9 	 343144.940971
     321.0 	 344686.513873
     321.1 	 346234.925261
     321.2 	 347790.138170
     321.3 	 349352.080799
     321.4 	 350920.681349
     321.5 	 352495.868018
     321.6 	 354077.569008
     321.7 	 355665.712519
     321.8 	 357260.226749
     321.9 	 358861.039899
     322.0 	 360468.080169
     322.1 	 362081.306511
     322.2 	 363700.800889
     322.3 	 365326.676016
     322.4 	 366959.044609
     322.5 	 368598.019382
     322.6 	 370243.713050
     322.7 	 371896.238328
     322.8 	 373555.707933
     322.9 	 375222.234578
     323.0 	 376895.930978
     323.1 	 378576.875783
     323.2 	 380265.011369
     323.3 	 381960.246049
     323.4 	 383662.488133
     323.5 	 385371.645933
     323.6 	 387087.627761
     323.7 	 388810.341926
     323.8 	 390539.696741
     323.9 	 392275.600517
     324.0 	 394017.961565
     324.1 	 395766.721386
     324.2 	 397521.954241
     324.3 	 399283.767581
     324.4 	 401052.268858
     324.5 	 402827.565522
     324.6 	 404609.765024
     324.7 	 406398.974815
     324.8 	 408195.302347
     324.9 	 409998.855070
     325.0 	 411809.740435
     325.1 	 413628.044422
     325.2 	 415453.767127
     325.3 	 417286.887175
     325.4 	 419127.383190
     325.5 	 420975.233796
     325.6 	 422830.417619
     325.7 	 424692.913283
     325.8 	 426562.699412
     325.9 	 428439.754631
     326.0 	 430324.057565
     326.1 	 432215.586518
     326.2 	 434114.318515
     326.3 	 436020.230259
     326.4 	 437933.298455
     326.5 	 439853.499807
     326.6 	 441780.811020
     326.7 	 443715.208797
     326.8 	 445656.669842
     326.9 	 447605.170861
     327.0 	 449560.688557
     327.1 	 451523.211600
     327.2 	 453492.776525
     327.3 	 455469.431834
     327.4 	 457453.226027
     327.5 	 459444.207605
     327.6 	 461442.425069
     327.7 	 463447.926921
     327.8 	 465460.761661
     327.9 	 467480.977790
     328.0 	 469508.623810
     328.1 	 471543.734153
     328.2 	 473586.286988
     328.3 	 475636.246414
     328.4 	 477693.576531
     328.5 	 479758.241437
     328.6 	 481830.205235
     328.7 	 483909.432022
     328.8 	 485995.885899
     328.9 	 488089.530966
     329.0 	 490190.331322
     329.1 	 492298.254584
     329.2 	 494413.282436
     329.3 	 496535.400077
     329.4 	 498664.592708
     329.5 	 500800.845528
     329.6 	 502944.143739
     329.7 	 505094.472540
     329.8 	 507251.817132
     329.9 	 509416.162713
     330.0 	 511587.494486
     330.1 	 513765.797299
     330.2 	 515951.054598
     330.3 	 518143.249481
     330.4 	 520342.365043
     330.5 	 522548.384381
     330.6 	 524761.290590
     330.7 	 526981.066768
     330.8 	 529207.696010
     330.9 	 531441.161412
     331.0 	 533681.446071
     331.1 	 535928.520828
     331.2 	 538182.307510
     331.3 	 540442.715687
     331.4 	 542709.654930
     331.5 	 544983.034812
     331.6 	 547262.764904
     331.7 	 549548.754777
     331.8 	 551840.914001
     331.9 	 554139.152150
     332.0 	 556443.378793
     332.1 	 558753.512759
     332.2 	 561069.509897
     332.3 	 563391.335314
     332.4 	 565718.954116
     332.5 	 568052.331410
     332.6 	 570391.432301
     332.7 	 572736.221895
     332.8 	 575086.665300
     332.9 	 577442.727621
     333.0 	 579804.373965
     333.1 	 582171.555454
     333.2 	 584544.167274
     333.3 	 586922.090628
     333.4 	 589305.206720
     333.5 	 591693.396751
     333.6 	 594086.541924
     333.7 	 596484.523443
     333.8 	 598887.222509
     333.9 	 601294.520327
     334.0 	 603706.298097
     334.1 	 606122.436453
     334.2 	 608542.813747
     334.3 	 610967.307759
     334.4 	 613395.796271
     334.5 	 615828.157064
     334.6 	 618264.267919
     334.7 	 620704.006617
     334.8 	 623147.250940
     334.9 	 625593.878669
     335.0 	 628043.767585
     335.1 	 630496.787626
     335.2 	 632952.777352
     335.3 	 635411.567480
     335.4 	 637872.988729
     335.5 	 640336.871815
     335.6 	 642803.047456
     335.7 	 645271.346368
     335.8 	 647741.599269
     335.9 	 650213.636877
     336.0 	 652687.289908
     336.1 	 655162.383552
     336.2 	 657638.720882
     336.3 	 660116.099446
     336.4 	 662594.316790
     336.5 	 665073.170461
     336.6 	 667552.458004
     336.7 	 670031.976966
     336.8 	 672511.524893
     336.9 	 674990.899333
     337.0 	 677469.897831
     337.1 	 679948.301903
     337.2 	 682425.828947
     337.3 	 684902.180328
     337.4 	 687377.057414
     337.5 	 689850.161571
     337.6 	 692321.194165
     337.7 	 694789.856564
     337.8 	 697255.850134
     337.9 	 699718.876240
     338.0 	 702178.636251
     338.1 	 704634.829779
     338.2 	 707087.149428
     338.3 	 709535.286048
     338.4 	 711978.930488
     338.5 	 714417.773598
     338.6 	 716851.506229
     338.7 	 719279.819231
     338.8 	 721702.403453
     338.9 	 724118.949746
     339.0 	 726529.148959
     339.1 	 728932.672109
     339.2 	 731329.110880
     339.3 	 733718.037123
     339.4 	 736099.022686
     339.5 	 738471.639420
     339.6 	 740835.459176
     339.7 	 743190.053804
     339.8 	 745534.995154
     339.9 	 747869.855076
     340.0 	 750194.205420
     340.1 	 752507.609545
     340.2 	 754809.596843
     340.3 	 757099.688217
     340.4 	 759377.404567
     340.5 	 761642.266794
     340.6 	 763893.795799
     340.7 	 766131.512485
     340.8 	 768354.937752
     340.9 	 770563.592501
     341.0 	 772756.997633
     341.1 	 774934.652297
     341.2 	 777095.968628
     341.3 	 779240.337007
     341.4 	 781367.147816
     341.5 	 783475.791438
     341.6 	 785565.658255
     341.7 	 787636.138647
     341.8 	 789686.622997
     341.9 	 791716.501688
     342.0 	 793725.165100
     342.1 	 795711.992068
     342.2 	 797676.315233
     342.3 	 799617.455686
     342.4 	 801534.734522
     342.5 	 803427.472832
     342.6 	 805294.991710
     342.7 	 807136.612248
     342.8 	 808951.655538
     342.9 	 810739.442674
     343.0 	 812499.294748
     343.1 	 814230.509314
     343.2 	 815932.289771
     343.3 	 817603.815978
     343.4 	 819244.267795
     343.5 	 820852.825082
     343.6 	 822428.667697
     343.7 	 823970.975501
     343.8 	 825478.928354
     343.9 	 826951.706114
     344.0 	 828388.488642
     344.1 	 829788.437577
     344.2 	 831150.641672
     344.3 	 832474.171461
     344.4 	 833758.097478
     344.5 	 835001.490257
     344.6 	 836203.420330
     344.7 	 837362.958231
     344.8 	 838479.174494
     344.9 	 839551.139652
     345.0 	 840577.924238
     345.1 	 841558.587989
     345.2 	 842492.147448
     345.3 	 843377.608360
     345.4 	 844213.976473
     345.5 	 845000.257531
     345.6 	 845735.457281
     345.7 	 846418.581469
     345.8 	 847048.635840
     345.9 	 847624.626141
     346.0 	 848145.558117
     346.1 	 848610.409377
     346.2 	 849018.044985
     346.3 	 849367.301866
     346.4 	 849657.016946
     346.5 	 849886.027150
     346.6 	 850053.169405
     346.7 	 850157.280636
     346.8 	 850197.197768
     346.9 	 850171.757729
     347.0 	 850079.797444
     347.1 	 849920.159920
     347.2 	 849691.712492
     347.3 	 849393.328579
     347.4 	 849023.881597
     347.5 	 848582.244964
     347.6 	 848067.292097
     347.7 	 847477.896413
     347.8 	 846812.931329
     347.9 	 846071.270264
     348.0 	 845251.786634
     348.1 	 844353.339993
     348.2 	 843374.734448
     348.3 	 842314.760241
     348.4 	 841172.207615
     348.5 	 839945.866811
     348.6 	 838634.528075
     348.7 	 837236.981646
     348.8 	 835752.017770
     348.9 	 834178.426688
     349.0 	 832514.998643
     349.1 	 830760.539642
     349.2 	 828913.918747
     349.3 	 826974.020785
     349.4 	 824939.730582
     349.5 	 822809.932966
     349.6 	 820583.512762
     349.7 	 818259.354798
     349.8 	 815836.343899
     349.9 	 813313.364893
     350.0 	 810689.302606
     350.1 	 807963.065446
     350.2 	 805133.656151
     350.3 	 802200.101040
     350.4 	 799161.426431
     350.5 	 796016.658645
     350.6 	 792764.823999
     350.7 	 789404.948814
     350.8 	 785936.059409
     350.9 	 782357.182102
     351.0 	 778667.343212
     351.1 	 774865.608613
     351.2 	 770951.202395
     351.3 	 766923.388200
     351.4 	 762781.429672
     351.5 	 758524.590455
     351.6 	 754152.134193
     351.7 	 749663.324527
     351.8 	 745057.425103
     351.9 	 740333.699563
     352.0 	 735491.411551
     352.1 	 730529.888447
     352.2 	 725448.712579
     352.3 	 720247.530011
     352.4 	 714925.986806
     352.5 	 709483.729030
     352.6 	 703920.402746
     352.7 	 698235.654018
     352.8 	 692429.128910
     352.9 	 686500.473487
     353.0 	 680449.333813
     353.1 	 674275.430462
     353.2 	 667978.782046
     353.3 	 661559.481689
     353.4 	 655017.622512
     353.5 	 648353.297637
     353.6 	 641566.600189
     353.7 	 634657.623289
     353.8 	 627626.460059
     353.9 	 620473.203622
     354.0 	 613197.947101
     354.1 	 605800.878244
     354.2 	 598282.563295
     354.3 	 590643.663128
     354.4 	 582884.838612
     354.5 	 575006.750620
     354.6 	 567010.060022
     354.7 	 558895.427690
     354.8 	 550663.514495
     354.9 	 542314.981308
     355.0 	 533850.489000
     355.1 	 525270.809575
     355.2 	 516577.159560
     355.3 	 507770.866616
     355.4 	 498853.258401
     355.5 	 489825.662575
     355.6 	 480689.406799
     355.7 	 471445.818731
     355.8 	 462096.226031
     355.9 	 452641.956360
     356.0 	 443084.337376
     356.1 	 433424.763089
     356.2 	 423664.892906
     356.3 	 413806.452585
     356.4 	 403851.167880
     356.5 	 393800.764550
     356.6 	 383656.968352
     356.7 	 373421.505041
     356.8 	 363096.100375
     356.9 	 352682.480110
     357.0 	 342182.370004
     357.1 	 331597.707953
     357.2 	 320931.280416
     357.3 	 310186.085994
     357.4 	 299365.123286
     357.5 	 288471.390891
     357.6 	 277507.887410
     357.7 	 266477.611441
     357.8 	 255383.561584
     357.9 	 244228.736440
     358.0 	 233016.134607
     358.1 	 221748.598581
     358.2 	 210428.346438
     358.3 	 199057.440150
     358.4 	 187637.941690
     358.5 	 176171.913029
     358.6 	 164661.416140
     358.7 	 153108.512993
     358.8 	 141515.265562
     358.9 	 129883.735819
     359.0 	 118215.985735
     359.1 	 106514.077282
     359.2 	 94780.072432
     359.3 	 83016.033158
     359.4 	 71224.021432
     359.5 	 59406.099224
     359.6 	 47564.328509
     359.7 	 35700.771256
     359.8 	 23817.489439
     359.9 	 11916.545030
     360.0 	    -0.000000
