0.000000
0.000000
-3.371000
0.000000
0.000000
0.000000
0.000000
0.000000
-4.465000
0.000000
0.000000
0.000000
0.000000
0.000000
0.650000
0.000000
0.000000
0.000000
0.000000
1.107000
0.000000
0.000000
0.000000
0.000000
0.000000
-1.107000
-0.875000
0.000000
0.000000
0.000000
1.107000
0.000000
-1.750000
0.000000
0.000000
0.000000
-1.107000
0.000000
-2.625000
0.000000
0.000000
0.000000
0.000000
0.000000
1.828000
0.000000
0.000000
0.000000
0.000000
0.000000
0.437500
0.000000
0.000000
0.000000
0.000000
0.000000
-0.437500
0.000000
0.000000
0.000000
0.000000
0.000000
-1.312500
0.000000
0.000000
0.000000
0.000000
0.000000
-2.187500
0.000000
0.000000
0.000000
0.000000
0.000000
-3.062500
0.000000
0.000000
0.000000
0.000000
0.000000
-4.000500
0.000000
0.000000
0.000000
